0 +3.0000000000e-05 +0.0000000000e+00 +3.0000000000e-04 +0.0000000000e+00 +3.0000000000e-04 +0.0000000000e+00 
1 +6.2240051893e-06 -2.9176167530e-04 +1.6024332265e-04 -1.2673991825e-02 +2.8336088862e-04 +3.8851051080e-03 
2 -2.4049811769e-05 -2.1898694742e-04 -1.2853193218e-04 -1.3598966802e-02 +2.3455178755e-04 +7.3286580534e-03 
3 -2.1892974298e-05 -8.8596096292e-06 -2.9819681603e-04 -1.9391806199e-03 +1.5819470550e-04 +9.9315639409e-03 
4 -4.1642016679e-06 +2.0134178944e-04 -1.9189084761e-04 +1.1511215705e-02 +6.5014108394e-05 +1.1398504837e-02 
5 +2.1907032098e-05 +7.9728212114e-06 +9.2016698875e-05 +1.4290623690e-02 -3.5236391700e-05 +1.1570883597e-02 
6 +9.1693576836e-06 -4.2458668488e-04 +2.9043499205e-04 +3.8661140516e-03 -1.3253477326e-04 +1.0422103996e-02 
7 -3.9031521887e-05 -2.0691427245e-04 +2.2050798378e-04 -1.0106203866e-02 -2.1387277454e-04 +8.0799377576e-03 
8 -2.5268900763e-05 +2.9878777264e-04 -5.2255290856e-05 -1.4758026927e-02 -2.7030276420e-04 +4.8191610892e-03 
9 +2.9146024802e-05 +9.2005850056e-05 -2.7732131122e-04 -5.7082117500e-03 -2.9713280059e-04 +1.0050901461e-03 
10 +1.5865929326e-05 -3.2868686226e-04 -2.4542666724e-04 +8.6387976850e-03 -2.8956915438e-04 -2.9337639328e-03 
