0 +3.3000000000e-02 +0.0000000000e+00 +3.3000000000e-02 +0.0000000000e+00 
1000 +6.3526603491e-02 +9.5155361742e-03 +4.5880919919e-03 +7.7146947854e-03 
2000 -4.4217986760e-02 -1.6754336099e-03 -2.7510906653e-02 +9.2373135721e-03 
3000 -5.5939168361e-02 -9.2367741766e-03 -3.7563633643e-02 +3.3678166653e-03 
4000 +5.3808809835e-02 +3.2653165895e-03 -1.7523107556e-02 -5.2055882718e-03 
5000 +4.6457617569e-02 +8.6536315207e-03 +1.6554233253e-02 -9.6051635706e-03 
6000 -6.1994799974e-02 -4.7821787152e-03 +3.7372512988e-02 -6.3053499805e-03 
7000 -3.5828518430e-02 -7.8394620456e-03 +2.8249879013e-02 +2.0393736374e-03 
8000 +6.8143492216e-02 +6.1363016091e-03 -3.5114238765e-03 +8.7597260832e-03 
9000 +2.3798431676e-02 +6.7520218171e-03 -3.2446243675e-02 +8.4489609942e-03 
10000 -7.2345949045e-02 -7.3164453087e-03 -3.5391954900e-02 +1.3768093204e-03 
11000 -1.1421910015e-02 -5.5024850315e-03 -9.9829145443e-03 -6.8019263036e-03 
12000 +7.4271178899e-02 +8.2673593243e-03 +2.3432251077e-02 -9.5338784652e-03 
13000 -1.7151296658e-03 +4.0407274842e-03 +3.8049310415e-02 -4.6145241165e-03 
14000 -7.4035242029e-02 -8.9757150526e-03 +2.2197081547e-02 +3.9876459681e-03 
15000 +1.4355691471e-02 -2.5057785563e-03 -1.1446893559e-02 +9.4090324089e-03 
16000 +7.1457999953e-02 +9.4033801087e-03 -3.5921043354e-02 +7.2824750109e-03 
17000 -2.7010035731e-02 +8.4569176730e-04 -3.1587790172e-02 -6.8144967812e-04 
18000 -6.6862817253e-02 -9.5614725409e-03 -1.9695392239e-03 -8.0892106520e-03 
19000 +3.8414180917e-02 +7.9211265772e-04 +2.9245108515e-02 -9.0323126348e-03 
20000 +6.0053639064e-02 +9.4093338485e-03 +3.7016984656e-02 -2.7208087296e-03 
21000 -4.9052995792e-02 -2.4505103091e-03 +1.5110701021e-02 +5.7605947780e-03 
22000 -5.1684589814e-02 -9.0021801986e-03 -1.8879982347e-02 +9.6281218141e-03 
23000 +5.7867339011e-02 +3.9960189567e-03 -3.7767711940e-02 +5.7899807776e-03 
24000 +4.1439122113e-02 +8.2854331854e-03 -2.6372963765e-02 -2.7029540306e-03 
25000 -6.5211959386e-02 -5.4535768607e-03 +6.1589035335e-03 -9.0144758387e-03 
26000 -3.0309293395e-02 -7.3625284647e-03 +3.3742827673e-02 -8.1153919970e-03 
27000 +7.0374717863e-02 +6.7205514476e-03 +3.4311760292e-02 -7.1044495344e-04 
28000 +1.7853980577e-02 +6.1669991022e-03 +7.3648662704e-03 +7.2684133279e-03 
29000 -7.3561897456e-02 -7.8038227981e-03 -2.5479760122e-02 +9.4130610269e-03 
30000 -5.2887743977e-03 -4.8374786917e-03 -3.7906917901e-02 +4.0288223668e-03 
31000 +7.4421831766e-02 +8.6366456403e-03 -1.9973496028e-02 -4.5939684266e-03 
32000 -7.8717833247e-03 +3.3086797133e-03 +1.3980073709e-02 -9.5289999978e-03 
33000 -7.3107478752e-02 -9.2193252400e-03 +3.6728498709e-02 -6.8300157660e-03 
34000 +2.0378237183e-02 -1.7302143243e-03 +3.0051222741e-02 +1.3369409160e-03 
35000 +6.9509320124e-02 +9.5126390015e-03 -6.9907513775e-04 +8.4395560743e-03 
36000 -3.2652936528e-02 +5.3914647509e-05 -3.0895034532e-02 +8.7698548989e-03 
37000 -6.3901657514e-02 -9.5303346147e-03 -3.6339688774e-02 +2.0826813841e-03 
38000 +4.3602522619e-02 +1.5845704038e-03 -1.2665886903e-02 -6.2799849898e-03 
39000 +5.6223819194e-02 +9.2435073113e-03 +2.1149115397e-02 -9.6064815688e-03 
40000 -5.3517832916e-02 -3.2069300686e-03 +3.8018686115e-02 -5.2329462876e-03 
41000 -4.7043381136e-02 -8.6997784150e-03 +2.4435784677e-02 +3.3258755322e-03 
42000 +6.1581965389e-02 +4.7072179101e-03 -8.7362564137e-03 +9.2311926767e-03 
43000 +3.6171892228e-02 +7.8633694461e-03 -3.4891149714e-02 +7.7258977311e-03 
44000 -6.7967349564e-02 -6.0838473009e-03 -3.3093743798e-02 +3.9256263009e-05 
45000 -2.4548640790e-02 -6.8270708962e-03 -4.7890649342e-03 -7.6818876805e-03 
46000 +7.2148906572e-02 +7.2623329056e-03 +2.7367611582e-02 -9.2531924209e-03 
47000 +1.1779680462e-02 +5.5399019758e-03 +3.7567962003e-02 -3.3959170038e-03 
48000 -7.4275583484e-02 -8.2333330898e-03 +1.7681448727e-02 +5.1664243517e-03 
49000 +8.9139179057e-04 -4.1356445975e-03 -1.6372983212e-02 +9.6035693024e-03 
50000 +7.4035628611e-02 +8.9437381616e-03 -3.7318945744e-02 +6.3388471916e-03 
51000 -1.4011937787e-02 +2.5527997217e-03 -2.8331547405e-02 -2.0095645082e-03 
52000 -7.1692351450e-02 -9.3981957371e-03 +3.3336054647e-03 -8.7356269735e-03 
53000 +2.6232206657e-02 -9.4671659720e-04 +3.2341162287e-02 -8.4799151254e-03 
54000 +6.7022552195e-02 +9.5502592133e-03 +3.5434198290e-02 -1.4136236282e-03 
55000 -3.8108649424e-02 -7.3994190937e-04 +1.0110700273e-02 +6.7773533363e-03 
56000 -6.0526552076e-02 -9.4376248475e-03 -2.3291125298e-02 +9.5374058274e-03 
57000 +4.8436060663e-02 +2.3577637797e-03 -3.8051956216e-02 +4.6659335246e-03 
58000 +5.1957246921e-02 +9.0093236059e-03 -2.2311568382e-02 -3.9589902544e-03 
59000 -5.7631107856e-02 -3.9441289576e-03 +1.1318577112e-02 -9.3976633330e-03 
60000 -4.2107826014e-02 -8.3448282978e-03 +3.5865314248e-02 -7.3164864105e-03 
61000 +6.4830706094e-02 +5.3799651837e-03 +3.1694108109e-02 +6.2878061015e-04 
62000 +3.0649997386e-02 +7.3860558151e-03 +2.1131309621e-03 +8.0747038909e-03 
63000 -7.0250703716e-02 -6.6759776802e-03 -2.9164271077e-02 +9.0413369657e-03 
64000 -1.8633958404e-02 -6.2494988449e-03 -3.7069682320e-02 +2.7751323430e-03 
65000 +7.3431190332e-02 +7.7546063969e-03 -1.5284044577e-02 -5.7236994520e-03 
66000 +5.6596233149e-03 +4.8760013023e-03 +1.8756081023e-02 -9.6294453098e-03 
67000 -7.4461505786e-02 -8.6082585553e-03 +3.7770594037e-02 -5.8214196535e-03 
68000 +7.0834529530e-03 -3.4032484675e-03 +2.6521422621e-02 +2.6479590381e-03 
69000 +7.3188531267e-02 +9.1947144177e-03 -5.9732416810e-03 +9.0014939145e-03 
70000 -2.0010815340e-02 +1.7813643303e-03 -3.3679673118e-02 +8.1321224514e-03 
71000 -6.9759949713e-02 -9.5098659569e-03 -3.4409782997e-02 +7.5718149452e-04 
72000 +3.1953289527e-02 -1.4889768249e-04 -7.5640696484e-03 -7.2328508527e-03 
73000 +6.4128097902e-02 +9.5275095948e-03 +2.5335384964e-02 -9.4222600431e-03 
74000 -4.3277043829e-02 -1.5262689899e-03 +3.7927347638e-02 -4.0588059653e-03 
75000 -5.6707426795e-02 -9.2731987838e-03 +2.0146421824e-02 +4.5478954667e-03 
76000 +5.2981445960e-02 +3.1219750069e-03 -1.3791505238e-02 +9.5240780226e-03 
77000 +4.7350098492e-02 +8.7148679229e-03 -3.6661672990e-02 +6.8536575262e-03 
78000 -6.1349288012e-02 -4.6510794769e-03 -3.0153432612e-02 -1.2993512191e-03 
79000 -3.6863577934e-02 -7.9261764939e-03 +4.9935868926e-04 -8.4129644081e-03 
80000 +6.7638035136e-02 +6.0166958443e-03 +3.0772850187e-02 -8.7935366382e-03 
81000 +2.4888483414e-02 +6.8563507514e-03 +3.6360688957e-02 -2.1119470109e-03 
82000 -7.2068327222e-02 -7.2197900446e-03 +1.2822324250e-02 +6.2453355863e-03 
83000 -1.2598777035e-02 -5.6285670366e-03 -2.0983590091e-02 +9.6119980326e-03 
84000 +7.4163315018e-02 +8.1881121954e-03 -3.7994211155e-02 +5.2726565533e-03 
85000 -5.4711343036e-04 +4.1759768637e-03 -2.4528523642e-02 -3.2983503464e-03 
86000 -7.4158375660e-02 -8.9250317004e-03 +8.5730778781e-03 -9.2129951306e-03 
87000 +1.3187192370e-02 -2.6538687915e-03 +3.4812241498e-02 -7.7631431233e-03 
88000 +7.1774922686e-02 +9.3754412331e-03 +3.3165380147e-02 -7.9199014414e-05 
89000 -2.5903988818e-02 +9.9527907682e-04 +4.9170547648e-03 +7.6624073987e-03 
90000 -6.7371704662e-02 -9.5615206175e-03 -2.7251920834e-02 +9.2621198310e-03 
91000 +3.7405249662e-02 +6.4173375921e-04 -3.7600323140e-02 +3.4512881314e-03 
92000 +6.0758116798e-02 +9.4356009205e-03 -1.7818306073e-02 -5.1382470608e-03 
93000 -4.8149364437e-02 -2.3045969353e-03 +1.6256637659e-02 -9.5983796788e-03 
94000 -5.2515952768e-02 -9.0514071575e-03 +3.7293809528e-02 -6.3760582523e-03 
95000 +5.7141054784e-02 +3.8612567751e-03 +2.8463308439e-02 +1.9562011933e-03 
96000 +4.2433617168e-02 +8.3612748550e-03 -3.1793004802e-03 +8.7244792954e-03 
97000 -6.4625834472e-02 -5.3282711566e-03 -3.2281374791e-02 +8.4940903038e-03 
98000 -3.1363133627e-02 -7.4549553915e-03 -3.5515038975e-02 +1.4678805126e-03 
99000 +7.0007186430e-02 +6.6155622155e-03 -1.0298762805e-02 -6.7430886911e-03 
100000 +1.9004351700e-02 +6.2823932487e-03 +2.3168613292e-02 -9.5432024875e-03 
101000 -7.3364688832e-02 -7.7138104882e-03 +3.8078538294e-02 -4.6997798508e-03 
102000 -6.4451093299e-03 -4.9638756177e-03 +2.2478402713e-02 +3.9075602561e-03 
103000 +7.4441764404e-02 +8.5721023806e-03 -1.1132084122e-02 +9.3896848064e-03 
104000 -6.7080189753e-03 +3.4499415424e-03 -3.5811804941e-02 +7.3366574050e-03 
105000 -7.3321600472e-02 -9.1762262653e-03 -3.1810881400e-02 -5.8313683729e-04 
106000 +1.9247609652e-02 -1.8776717019e-03 -2.3160437571e-03 -8.0455957942e-03 
107000 +6.9908479585e-02 +9.4961101708e-03 +2.9031843745e-02 -9.0561387010e-03 
108000 -3.1608369404e-02 +2.0451797430e-04 +3.7101256785e-02 -2.8058382334e-03 
109000 -6.4502345264e-02 -9.5409121336e-03 +1.5464473380e-02 +5.6818755195e-03 
110000 +4.2628503675e-02 +1.4332090120e-03 -1.8579527514e-02 +9.6325463690e-03 
111000 +5.6963307285e-02 +9.2783182444e-03 -3.7723443689e-02 +5.8492119281e-03 
112000 -5.2708062585e-02 -3.0652023355e-03 -2.6629005982e-02 -2.6129427227e-03 
113000 -4.7960349151e-02 -8.7635198219e-03 +5.7802956401e-03 -8.9810909310e-03 
114000 +6.0889512158e-02 +4.5718344137e-03 +3.3582112440e-02 -8.1636267281e-03 
115000 +3.7178239975e-02 +7.9466133267e-03 +3.4450820519e-02 -7.8756203077e-04 
116000 -6.7485245331e-02 -5.9683895621e-03 +7.7148761435e-03 +7.2033641201e-03 
117000 -2.5669056690e-02 -6.9351586230e-03 -2.5189749348e-02 +9.4342353798e-03 
118000 +7.1837179740e-02 +7.1615354982e-03 -3.7933684068e-02 +4.1043455518e-03 
119000 +1.2940059519e-02 +5.6617088897e-03 -2.0252334897e-02 -4.5227654990e-03 
120000 -7.4180033950e-02 -8.1576190397e-03 +1.3646348175e-02 -9.5119764025e-03 
121000 -2.8942308914e-04 -4.2728396585e-03 +3.6610788472e-02 -6.8959487003e-03 
122000 +7.4152287968e-02 +8.8905179266e-03 +3.0254219438e-02 +1.2568450199e-03 
123000 -1.2841483567e-02 +2.6979662985e-03 -3.6968198079e-04 +8.3985329085e-03 
124000 -7.1996005514e-02 -9.3699767473e-03 -3.0684633823e-02 +8.8075319743e-03 
125000 +2.5139924703e-02 -1.0952932406e-03 -3.6421836722e-02 +2.1696318649e-03 
126000 +6.7548506505e-02 +9.5499094080e-03 -1.2979776841e-02 -6.2181230796e-03 
127000 -3.7079170853e-02 -5.8903483099e-04 +2.0877481488e-02 -9.6126510783e-03 
128000 -6.1192408315e-02 -9.4592267101e-03 +3.7999680279e-02 -5.3122928012e-03 
129000 +4.7560319070e-02 +2.2146343250e-03 +2.4682195730e-02 +3.2460521486e-03 
130000 +5.2813405422e-02 +9.0601730760e-03 -8.4105114448e-03 +9.2054002373e-03 
131000 -5.6872484017e-02 -3.8051850246e-03 -3.4770736186e-02 +7.7818289028e-03 
132000 -4.3057579027e-02 -8.4142756326e-03 -3.3272217821e-02 +1.3239599725e-04 
133000 +6.4263259163e-02 +5.2571278779e-03 -5.1144597725e-03 -7.6323450537e-03 
134000 +3.1720874455e-02 +7.4812729267e-03 +2.7132939299e-02 -9.2721858826e-03 
135000 -6.9853020207e-02 -6.5655605896e-03 +3.7646404143e-02 -3.4867254235e-03 
136000 -1.9760641563e-02 -6.3606007759e-03 +1.7999702539e-02 +5.0912978058e-03 
137000 +7.3227671015e-02 +7.6653219896e-03 -1.6075427316e-02 +9.5965706553e-03 
138000 +6.8171353432e-03 +5.0046104331e-03 -3.7250984029e-02 +6.3990996867e-03 
139000 -7.4469199201e-02 -8.5405106424e-03 -2.8593355700e-02 -1.9124102442e-03 
140000 +5.9068386164e-03 -3.5444776331e-03 +2.9771732415e-03 -8.7023896060e-03 
141000 +7.3373716081e-02 +9.1502792294e-03 +3.2166624481e-02 -8.5151753949e-03 
142000 -1.8894915895e-02 +1.9285104353e-03 +3.5557351841e-02 -1.4985263283e-03 
143000 -7.0171312305e-02 -9.4941518419e-03 +1.0480653571e-02 +6.7059476757e-03 
144000 +3.0867637817e-02 -3.0299403457e-04 -2.3008057388e-02 +9.5543742633e-03 
145000 +6.4693310905e-02 +9.5350383521e-03 -3.8055596981e-02 +4.7319855767e-03 
146000 -4.2326723565e-02 -1.3782984164e-03 -2.2589723707e-02 -3.8758819157e-03 
147000 -5.7473278028e-02 -9.3114974452e-03 +1.0951434943e-02 -9.3753577160e-03 
148000 +5.2128290157e-02 +2.9757450663e-03 +3.5741288373e-02 -7.3755110087e-03 
149000 +4.8242165227e-02 +8.7746230841e-03 +3.1875011411e-02 +5.5161471084e-04 
150000 -6.0676442895e-02 -4.5202614872e-03 +2.4590576298e-03 +8.0217823473e-03 
151000 -3.7888503573e-02 -8.0122912678e-03 -2.8909976096e-02 +9.0738196767e-03 
152000 +6.7134528195e-02 +5.8980090856e-03 -3.7138663068e-02 +2.8563647339e-03 
153000 +2.6003451554e-02 +6.9609038276e-03 -1.5585426380e-02 -5.6591200601e-03 
154000 -7.1757019074e-02 -7.1213014013e-03 +1.8454115754e-02 -9.6266312732e-03 
155000 -1.3752890883e-02 -5.7501596621e-03 +3.7701968329e-02 -5.8952281513e-03 
156000 +7.4074807648e-02 +8.1113756123e-03 +2.6757052543e-02 +2.5688316960e-03 
157000 +6.4736101802e-04 +4.3119096579e-03 -5.6475326962e-03 +8.9714908753e-03 
158000 -7.4248570369e-02 -8.8695232594e-03 -3.3521752795e-02 +8.1823252808e-03 
159000 +1.2045431652e-02 -2.7959189426e-03 -3.4539354185e-02 +8.4589581581e-04 
160000 +7.2101778927e-02 +9.3481942859e-03 -7.8894783044e-03 -7.1779214896e-03 
161000 -2.4785476333e-02 +1.1459628205e-03 +2.5092062852e-02 -9.4402088771e-03 
162000 -6.7852983218e-02 -9.5551259456e-03 +3.7968269709e-02 -4.1457045112e-03 
163000 +3.6405802393e-02 +4.9454705454e-04 +2.0424083088e-02 +4.4732363511e-03 
164000 +6.1444398373e-02 +9.4593852278e-03 -1.3479555422e-02 +9.5083828147e-03 
165000 -4.7245530109e-02 -2.1569381920e-03 -3.6584616804e-02 +6.9183419120e-03 
166000 -5.3332738230e-02 -9.0960262732e-03 -3.0383741438e-02 -1.2055065666e-03 
167000 +5.6390336472e-02 +3.7242607696e-03 +1.6831161199e-04 -8.3741250746e-03 
168000 +4.3388341965e-02 +8.4328985158e-03 +3.0572787622e-02 -8.8218790315e-03 
169000 -6.4041301699e-02 -5.2013578494e-03 +3.6483049556e-02 -2.2057303197e-03 
170000 -3.2423535926e-02 -7.5473520891e-03 +1.3171244679e-02 +6.1762570771e-03 
171000 +6.9587366643e-02 +6.5044017764e-03 -2.0707309966e-02 +9.6180213382e-03 
172000 +2.0118715018e-02 +6.3940807540e-03 -3.7969959714e-02 +5.3378374760e-03 
173000 -7.3164268449e-02 -7.6236777735e-03 -2.4820011819e-02 -3.2049274158e-03 
174000 -7.6270099454e-03 -5.0941019199e-03 +8.2137659869e-03 -9.1904865728e-03 
175000 +7.4409586751e-02 +8.5014572961e-03 +3.4678708890e-02 -7.8097222786e-03 
176000 -5.5546758373e-03 +3.5889948207e-03 +3.3326245221e-02 -1.6240840777e-04 
177000 -7.3527467457e-02 -9.1344836352e-03 +5.2919661882e-03 +7.6003242183e-03 
178000 +1.8089492214e-02 -2.0289996554e-03 -2.6991894391e-02 +9.2910179614e-03 
179000 +7.0283974365e-02 +9.4764805266e-03 -3.7651303491e-02 +3.5234894186e-03 
180000 -3.0546097724e-02 +3.5419954932e-04 -1.8114589523e-02 -5.0635044069e-03 
181000 -6.5089408887e-02 -9.5520978547e-03 +1.5912168913e-02 -9.5881882346e-03 
182000 +4.1645583165e-02 +1.2814045904e-03 +3.7208989760e-02 -6.4443673130e-03 
183000 +5.7713246082e-02 +9.3128981173e-03 +2.8682657512e-02 +1.8797751021e-03 
184000 -5.1865585421e-02 -2.9230357571e-03 -2.8425272503e-03 +8.6845504609e-03 
185000 -4.8855125555e-02 -8.8245209892e-03 -3.2071802466e-02 +8.5378072215e-03 
186000 +6.0211243375e-02 +4.4393626811e-03 -3.5624833829e-02 +1.5527732419e-03 
187000 +3.8210025012e-02 +8.0305147586e-03 -1.0617599215e-02 -6.6855327158e-03 
188000 -6.6969491085e-02 -5.8502896432e-03 +2.2902435653e-02 -9.5545667949e-03 
189000 -2.6759742382e-02 -7.0371570859e-03 +3.8064289264e-02 -4.7804593086e-03 
190000 +7.1544128786e-02 +7.0636448691e-03 +2.2741759417e-02 +3.8314851503e-03 
191000 +1.4116330481e-02 +5.7837345892e-03 -1.0814951415e-02 +9.3703049950e-03 
192000 -7.4056342517e-02 -8.0768614355e-03 -3.5707501119e-02 +7.3984563118e-03 
193000 -1.4459048073e-03 -4.4040164393e-03 -3.1989055470e-02 -4.9416351928e-04 
194000 +7.4265750121e-02 +8.8368810823e-03 -2.6460116709e-03 -7.9992076333e-03 
195000 -1.1673700417e-02 +2.8431315757e-03 +2.8819503240e-02 -9.0845004047e-03 
196000 -7.2279541289e-02 -9.3362066667e-03 +3.7199380858e-02 -2.8987603826e-03 
197000 +2.4047011338e-02 -1.2421131709e-03 +1.5771260858e-02 +5.6138456576e-03 
198000 +6.8039820261e-02 +9.5454812438e-03 -1.8288365885e-02 +9.6277285931e-03 
199000 -3.6061237169e-02 -4.3783145681e-04 -3.7688690062e-02 +5.9204421297e-03 
200000 -6.1850686490e-02 -9.4779134129e-03 -2.6904792275e-02 -2.5200128581e-03 
201000 +4.6650368999e-02 +2.0677685507e-03 +5.4472977021e-03 -8.9539036318e-03 
202000 +5.3620583298e-02 +9.1057035092e-03 +3.3421752069e-02 -8.2011809843e-03 
203000 -5.6119531560e-02 -3.6660797960e-03 +3.4611844629e-02 -8.8167209506e-04 
204000 -4.4015922761e-02 -8.4849959153e-03 +8.0858486764e-03 +7.1414919271e-03 
205000 +6.3642892048e-02 +5.1278754478e-03 -2.4937953124e-02 +9.4534484962e-03 
206000 +3.2757739220e-02 +7.5724895086e-03 -3.7955108851e-02 +4.1736031235e-03 
207000 -6.9448679446e-02 -6.4558691615e-03 -2.0564781886e-02 -4.4356095963e-03 
208000 -2.0906117096e-02 -6.4752432938e-03 +1.3292931243e-02 -9.5004714187e-03 
209000 +7.2982574377e-02 +7.5711673417e-03 +3.6519233414e-02 -6.9532576355e-03 
210000 +7.9729533969e-03 +5.1312982334e-03 +3.0451514440e-02 +1.1764644787e-03 
211000 -7.4460107909e-02 -8.4737604936e-03 -2.5310723823e-07 +8.3476593884e-03 
212000 +4.7176048159e-03 -3.6875756331e-03 -3.0454410185e-02 +8.8475907796e-03 
213000 +7.3549756333e-02 +9.1045139360e-03 -3.6518038545e-02 +2.2469344079e-03 
214000 -1.7753843342e-02 +2.0752941509e-03 -1.3290687526e-02 -6.1526415358e-03 
215000 -7.0558709090e-02 -9.4774914726e-03 +2.0565605683e-02 -9.6154602198e-03 
216000 +2.9788991892e-02 -4.5501988373e-04 +3.7957228916e-02 -5.3882208407e-03 
217000 +6.5276571827e-02 +9.5434620288e-03 +2.4935087556e-02 +3.1713982805e-03 
218000 -4.1342656416e-02 -1.2292972969e-03 -8.0867585028e-03 +9.1786712117e-03 
219000 -5.8208918440e-02 -9.3452412836e-03 -3.4613228303e-02 +7.8366064956e-03 
220000 +5.1296600519e-02 +2.8338607342e-03 -3.3421864752e-02 +2.1879052298e-04 
221000 +4.9154392899e-02 +8.8349824590e-03 -5.4444290590e-03 -7.5823299851e-03 
222000 -5.9975348911e-02 -4.3865287844e-03 +2.6904696714e-02 -9.2970242945e-03 
223000 -3.8882207381e-02 -8.0915433612e-03 +3.7690047412e-02 -3.5732917438e-03 
224000 +6.6643517455e-02 +5.7818743329e-03 +1.8286371747e-02 +5.0203969481e-03 
225000 +2.7119403673e-02 +7.0646828568e-03 -1.5772624895e-02 +9.5874532552e-03 
226000 -7.1426257545e-02 -7.0182805943e-03 -3.7199083318e-02 +6.4709613937e-03 
227000 -1.4888972755e-02 -5.8665696635e-03 -2.8819750828e-02 -1.8244988794e-03 
228000 +7.3968008646e-02 +8.0327037473e-03 +2.6488811582e-03 -8.6661382940e-03 
229000 +1.8236304019e-03 +4.4464327647e-03 +3.1988487359e-02 -8.5526051813e-03 
230000 -7.4326945773e-02 -8.8098866892e-03 +3.5707449915e-02 -1.5954783742e-03 
231000 +1.0893330804e-02 -2.9378950070e-03 +1.0813389061e-02 +6.6456626256e-03 
232000 +7.2380793250e-02 +9.3154479073e-03 -2.2743685204e-02 +9.5612031785e-03 
233000 -2.3687030184e-02 +1.2955321517e-03 -3.8062533225e-02 +4.8076278036e-03 
234000 -6.8331124513e-02 -9.5474882695e-03 -2.2902313142e-02 -3.7857799558e-03 
235000 +3.5367394489e-02 +3.4260792281e-04 +1.0620561888e-02 -9.3602962697e-03 
236000 +6.2078928190e-02 +9.4773558095e-03 +3.5624584929e-02 -7.4221989634e-03 
237000 -4.6346936407e-02 -2.0101773055e-03 +3.2070047162e-02 +4.5965745449e-04 
238000 -5.4155490391e-02 -9.1426262139e-03 +2.8415992846e-03 +7.9684063462e-03 
239000 +5.5592879767e-02 +3.5814783148e-03 -2.8685560770e-02 +9.1058596262e-03 
240000 +4.4316560448e-02 +8.5009038694e-03 -3.7206685963e-02 +2.9290342818e-03 
241000 -6.3443504481e-02 -5.0754407820e-03 -1.5911125594e-02 -5.5804983722e-03 
242000 -3.3491826767e-02 -7.6422315100e-03 +1.8116669981e-02 -9.6264226859e-03 
243000 +6.9140820424e-02 +6.3902827259e-03 +3.7652521732e-02 -5.9621685175e-03 
244000 +2.1241462258e-02 +6.5045621003e-03 +2.6988825364e-02 +2.4920719075e-03 
245000 -7.2938376600e-02 -7.5337431984e-03 -5.2924571820e-03 +8.9333817407e-03 
246000 -8.8058118723e-03 -5.2238193147e-03 -3.3328880222e-02 +8.2327503073e-03 
247000 +7.4381933723e-02 +8.4313646827e-03 -3.4677547003e-02 +9.2682582000e-04 
248000 -4.3718474172e-03 +3.7282711808e-03 -8.2114453864e-03 -7.1221091379e-03 
249000 -7.3702123728e-02 -9.0902770750e-03 +2.4820591059e-02 -9.4565762281e-03 
250000 +1.6950861157e-02 -2.1760552927e-03 +3.7971818034e-02 -4.2275865903e-03 
251000 +7.0680042264e-02 +9.4584633526e-03 +2.0704506958e-02 +4.4017017485e-03 
252000 -2.9454468258e-02 +5.0513121064e-04 -1.3172063356e-02 +9.4944821482e-03 
253000 -6.5643409826e-02 -9.5575291167e-03 -3.6484051569e-02 +6.9837615737e-03 
254000 +4.0685672629e-02 +1.1346010618e-03 -3.0572701079e-02 -1.1196953805e-03 
255000 +5.8472567575e-02 +9.3474469115e-03 -1.6556680459e-04 -8.3323855799e-03 
256000 -5.1004968250e-02 -2.7783085414e-03 +3.0383378881e-02 -8.8588955920e-03 
257000 -4.9722029369e-02 -8.8787726081e-03 +3.6585586753e-02 -2.2971066669e-03 
258000 +5.9535214150e-02 +4.3084055175e-03 +1.3477443154e-02 +6.1124971054e-03 
259000 +3.9225701990e-02 +8.1122518896e-03 -2.0425226394e-02 +9.6189741808e-03 
260000 -6.6444878330e-02 -5.7287663601e-03 -3.7967605259e-02 +5.4177046775e-03 
261000 -2.7840465310e-02 -7.1354036680e-03 -2.5092023927e-02 -3.1193032442e-03 
262000 +7.1218463329e-02 +6.9621800092e-03 +7.8923931192e-03 -9.1657621176e-03 
263000 +1.5261123249e-02 +5.9029091456e-03 +3.4538459617e-02 -7.8550613973e-03 
264000 -7.3927709076e-02 -7.9936260644e-03 +3.3521367033e-02 -2.6099999594e-04 
265000 -2.6196633224e-03 -4.5366941967e-03 +5.6458240225e-03 +7.5486227434e-03 
266000 +7.4323685752e-02 +8.7768128631e-03 -2.6758962314e-02 +9.3100687205e-03 
267000 -1.0529648911e-02 +2.9860935684e-03 -3.7699826868e-02 +3.6016725398e-03 
268000 -7.2560553361e-02 -9.3025396568e-03 -1.8453818217e-02 -4.9783912300e-03 
269000 +2.2916471111e-02 -1.3939663915e-03 +1.5588423454e-02 -9.5853164742e-03 
270000 +6.8483427047e-02 +9.5355046584e-03 +3.7138345269e-02 -6.4999992034e-03 
271000 -3.5043794820e-02 -2.8804901846e-04 +2.8907878074e-02 +1.7920794483e-03 
272000 -6.2508114477e-02 -9.4985850209e-03 -2.4599398792e-03 +8.6410807661e-03 
273000 +4.5705622438e-02 +1.9165927489e-03 -3.1877897752e-02 +8.5818408228e-03 
274000 +5.4412616726e-02 +9.1485990125e-03 -3.5738883750e-02 +1.6282173018e-03 
275000 -5.5345298542e-02 -3.5277338166e-03 -1.0950208573e-02 -6.6172418599e-03 
276000 -4.4969196964e-02 -8.5565511683e-03 +2.2591567384e-02 -9.5659960059e-03 
277000 +6.3012360502e-02 +4.9979797443e-03 +3.8056799125e-02 -4.8554778119e-03 
278000 +3.3811902927e-02 +7.6634032816e-03 +2.3004906824e-02 +3.7589494160e-03 
279000 -6.9012308538e-02 -6.3453956782e-03 -1.0481095874e-02 +9.3459926734e-03 
280000 -2.2034551741e-02 -6.5869913661e-03 -3.5559654550e-02 +7.4585021341e-03 
281000 +7.2752315424e-02 +7.4792163783e-03 -3.2165474928e-02 -4.1146433826e-04 
282000 +9.1576478032e-03 +5.2585545200e-03 -2.9748648725e-03 -7.9531421662e-03 
283000 -7.4417244430e-02 -8.4033773750e-03 +2.8593670586e-02 -9.1144853383e-03 
284000 +3.5552722026e-03 -3.8248348810e-03 +3.7252520250e-02 -2.9850465164e-03 
285000 +7.3743051961e-02 +9.0604697236e-03 +1.6072680794e-02 +5.5470727012e-03 
286000 -1.6593237407e-02 +2.2230240741e-03 -1.8000356104e-02 +9.6258696487e-03 
287000 -7.0915386550e-02 -9.4546607138e-03 -3.7647026784e-02 +5.9956933572e-03 
288000 +2.8729568708e-02 -6.0224096673e-04 -2.7132608349e-02 -2.4366515288e-03 
289000 +6.5854383397e-02 +9.5506814212e-03 +5.1170826845e-03 -8.9214027391e-03 
290000 -4.0353601053e-02 -1.0786655711e-03 +3.3271539377e-02 -8.2486572082e-03 
291000 -5.8923278644e-02 -9.3731372376e-03 +3.4771347537e-02 -9.7656072028e-04 
292000 +5.0455073252e-02 +2.6919819307e-03 +8.4082477675e-03 +7.0865199008e-03 
293000 +5.0033949605e-02 +8.8916327717e-03 -2.4683127909e-02 +9.4644944378e-03 
294000 -5.9275541801e-02 -4.2508348092e-03 -3.7998630109e-02 +4.2590627505e-03 
295000 -3.9873416484e-02 -8.1687531063e-03 -2.0877210621e-02 -4.3535200232e-03 
296000 +6.6109008135e-02 +5.6607460211e-03 +1.2982768086e-02 -9.4882860508e-03 
297000 +2.8195167541e-02 +7.1644372615e-03 +3.6420640598e-02 -7.0056140117e-03 
298000 -7.1094231934e-02 -6.9143400468e-03 +3.0683924387e-02 +1.0788645950e-03 
299000 -1.6044779205e-02 -5.9856200864e-03 +3.6790076281e-04 +8.3052201839e-03 
300000 +7.3804845065e-02 +7.9474032768e-03 -3.0256153645e-02 +8.8790716210e-03 
301000 +2.9779709726e-03 +4.5781925392e-03 -3.6608302468e-02 +2.3261582489e-03 
302000 -7.4399327436e-02 -8.7511621515e-03 -1.3645910922e-02 -6.0747959164e-03 
303000 +9.7109044810e-03 -3.0843358136e-03 +2.0255284711e-02 -9.6245538949e-03 
304000 +7.2622107030e-02 +9.2781906216e-03 +3.7933354558e-02 -5.4523238321e-03 
305000 -2.2581258276e-02 +1.4437076812e-03 +2.5187359863e-02 +3.0895768645e-03 
306000 -6.8798863758e-02 -9.5411786941e-03 -7.7156621131e-03 +9.1465460277e-03 
307000 +3.4309835256e-02 +1.8850158978e-04 -3.4453613087e-02 +7.8914586785e-03 
308000 +6.2711120460e-02 +9.4940717022e-03 -3.3579680711e-02 +2.9622583395e-04 
309000 -4.5419883509e-02 -1.8636182100e-03 -5.7789381888e-03 -7.5255653786e-03 
310000 -5.4960633754e-02 -9.1881164789e-03 +2.6630558256e-02 -9.3204345149e-03 
311000 +5.4800730105e-02 +3.4404147520e-03 +3.7724567394e-02 -3.6545105787e-03 
312000 +4.5267477079e-02 +8.5694118588e-03 +1.8576378128e-02 +4.9526803432e-03 
313000 -6.2811193289e-02 -4.9478752718e-03 -1.5464825567e-02 +9.5773221650e-03 
314000 -3.4533061906e-02 -7.7321918171e-03 -3.7103179187e-02 +6.5399321151e-03 
315000 +6.8714303967e-02 +6.2794844865e-03 -2.9030661912e-02 -1.7421494105e-03 
316000 +2.2386734446e-02 +6.6155094048e-03 +2.3182602177e-03 -8.6297606142e-03 
317000 -7.2681444651e-02 -7.4395897430e-03 +3.1810911310e-02 -8.5956537062e-03 
318000 -9.9559038089e-03 -5.3469737416e-03 +3.5812985227e-02 -1.6847770269e-03 
319000 +7.4362804488e-02 +8.3624216470e-03 +1.1129362528e-02 +6.5854823308e-03 
320000 -3.1836112206e-03 +3.8676441240e-03 -2.2478826888e-02 +9.5703935812e-03 
321000 -7.3852550823e-02 -9.0402872041e-03 -3.8078788769e-02 +4.8914031765e-03 
322000 +1.5823815005e-02 -2.3192660271e-03 -2.3168020353e-02 -3.7064390900e-03 
323000 +7.1054115495e-02 +9.4377105051e-03 +1.0301292911e-02 -9.3381452808e-03 
324000 -2.8371701556e-02 +6.5636736537e-04 +3.5514004502e-02 -7.4782161243e-03 
325000 -6.6183797907e-02 -9.5585712947e-03 +3.2281665057e-02 +3.6287646745e-04 
326000 +3.9704653568e-02 +9.8613560739e-04 +3.1768790877e-03 +7.9234498779e-03 
327000 +5.9185928367e-02 +9.3768932461e-03 -2.8464067276e-02 +9.1271883862e-03 
328000 -5.0153117829e-02 -2.6331339189e-03 -3.7292360728e-02 +3.0175436429e-03 
329000 -5.0591218284e-02 -8.9326213266e-03 -1.6256199888e-02 -5.5033199878e-03 
330000 +5.8810315778e-02 +4.1715765001e-03 +1.7821379482e-02 -9.6272980588e-03 
331000 +4.0198518864e-02 +8.1893177094e-03 +3.7598878081e-02 -6.0209001466e-03 
332000 -6.5918551106e-02 -5.6075196964e-03 +2.7250899625e-02 +2.3981189419e-03 
333000 -2.8938157940e-02 -7.2367584831e-03 -4.9188240807e-03 +8.9008451925e-03 
334000 +7.0842569083e-02 +6.8547465675e-03 -3.3167355582e-02 +8.2763821491e-03 
335000 +1.6390710402e-02 +6.0193747541e-03 -3.4809477178e-02 +1.0059703929e-03 
336000 -7.3786337777e-02 -7.9114970425e-03 -8.5725306885e-03 -7.0537340744e-03 
337000 -3.8117444470e-03 -4.6724641364e-03 +2.4531334239e-02 -9.4772646735e-03 
338000 +7.4357971385e-02 +8.7139064197e-03 +3.7993904775e-02 -4.2992768144e-03 
339000 -9.3694383786e-03 +3.1281195153e-03 +2.0980981561e-02 +4.3268451985e-03 
340000 -7.2821008115e-02 -9.2690642600e-03 -1.2822976296e-02 +9.4750092925e-03 
341000 +2.1783480007e-02 -1.5454843085e-03 -3.6363300650e-02 +7.0480766051e-03 
342000 +6.8936268269e-02 +9.5257581272e-03 -3.0770443563e-02 -1.0413377488e-03 
343000 -3.3993795591e-02 -1.3785006484e-04 -4.9793779336e-04 -8.2877089350e-03 
344000 -6.3138161532e-02 -9.5162531853e-03 +3.0154658910e-02 -8.8945160026e-03 
345000 +4.4778110998e-02 +1.7691746554e-03 +3.6662645005e-02 -2.3824983578e-03 
346000 +5.5227544185e-02 +9.1924371629e-03 +1.3788418594e-02 +6.0503447635e-03 
347000 -5.4539308644e-02 -3.3872490247e-03 -2.0146632689e-02 +9.6227291572e-03 
348000 -4.5890590188e-02 -8.6218230079e-03 -3.7928867624e-02 +5.4948821589e-03 
349000 +6.2401245036e-02 +4.8717873238e-03 -2.5334113887e-02 -3.0395046679e-03 
350000 +3.4876838228e-02 +7.7541337544e-03 +7.5661355413e-03 -9.1390585664e-03 
351000 -6.8552422529e-02 -6.2308107398e-03 +3.4409502695e-02 -7.9099780148e-03 
352000 -2.3137452955e-02 -6.6923473907e-03 +3.3680493497e-02 -3.5204564497e-04 
353000 +7.2517987764e-02 +7.3872408467e-03 +5.9704989670e-03 +7.4968847007e-03 
354000 +1.0331407075e-02 +5.3846264694e-03 -2.6521573463e-02 +9.3293179681e-03 
355000 -7.4358915693e-02 -8.3282721610e-03 -3.7770478532e-02 +3.6921392328e-03 
356000 +2.3952521505e-03 -3.9597431482e-03 -1.8755240237e-02 -4.9043477763e-03 
357000 +7.3898882643e-02 +9.0120828567e-03 +1.5286527813e-02 -9.5746232097e-03 
358000 -1.5453499816e-02 +2.3696056004e-03 +3.7068269800e-02 -6.5626668270e-03 
359000 -7.1264950474e-02 -9.4291425607e-03 +2.9164278386e-02 +1.6953858755e-03 
360000 +2.7641031641e-02 -7.5259663097e-04 -2.1156845353e-03 +8.6069302954e-03 
361000 +6.6378454413e-02 +9.5518612309e-03 -3.1694749961e-02 +8.6136811676e-03 
362000 -3.9376533866e-02 -9.2885869276e-04 -3.5863467733e-02 +1.7173433344e-03 
363000 -5.9640663534e-02 -9.4018882566e-03 -1.1318037857e-02 -6.5465381131e-03 
364000 +4.9565894318e-02 +2.5441303826e-03 +2.2314698628e-02 -9.5799331676e-03 
365000 +5.0874354868e-02 +8.9436511447e-03 +3.8050333773e-02 -4.9200889117e-03 
366000 -5.8569572582e-02 -4.1160872363e-03 +2.3289811694e-02 +3.6710860698e-03 
367000 -4.0874066132e-02 -8.2487694950e-03 -1.0112374297e-02 +9.3240475375e-03 
368000 +6.5536282149e-02 +5.5351355298e-03 -3.5436201531e-02 +7.5134790816e-03 
369000 +2.9265763828e-02 +7.2620974121e-03 -3.2338203544e-02 -3.3322365613e-04 
370000 -7.0741146327e-02 -6.8111517428e-03 -3.3329777346e-03 -7.8961450903e-03 
371000 -1.7204348833e-02 -6.1057839340e-03 +2.8334129490e-02 -9.1463716726e-03 
372000 +7.3633523308e-02 +7.8613088813e-03 +3.7318667708e-02 -3.0629777373e-03 
373000 +4.1559043481e-03 +4.7096818696e-03 +1.6370242966e-02 +5.4798233042e-03 
374000 -7.4442730702e-02 -8.6912913330e-03 -1.7681938030e-02 +9.6200348710e-03 
375000 +8.5410700695e-03 -3.2279546928e-03 -3.7570309292e-02 +6.0680872731e-03 
376000 +7.2880585572e-02 +9.2424325852e-03 -2.7365252933e-02 -2.3587956280e-03 
377000 -2.1443646383e-02 +1.5927088940e-03 +4.7904704591e-03 -8.8888124471e-03 
378000 -6.9233952156e-02 -9.5303561271e-03 +3.3094626269e-02 -8.2964459688e-03 
379000 +3.3276259150e-02 +3.9555799566e-05 +3.4891900170e-02 -1.0641258621e-03 
380000 +6.3360548956e-02 +9.5116172673e-03 +8.7332647515e-03 +7.0309222035e-03 
381000 -4.4469175059e-02 -1.7149775406e-03 -2.4435795602e-02 +9.4812325061e-03 
382000 -5.5734409714e-02 -9.2267946296e-03 -3.8019804702e-02 +4.3435846482e-03 
383000 +5.4022092558e-02 +3.3026456445e-03 -2.1147700132e-02 -4.2783637361e-03 
384000 +4.6213490472e-02 +8.6365777908e-03 +1.2667772839e-02 -9.4714150844e-03 
385000 -6.2166174832e-02 -4.8169645803e-03 +3.6339068341e-02 -7.0706339052e-03 
386000 -3.5555324573e-02 -7.8167188314e-03 +3.0895518504e-02 +9.8730399602e-04 
387000 +6.8269638650e-02 +6.1670995989e-03 +6.9626494454e-04 +8.2635982977e-03 
388000 +2.3505149924e-02 +6.7237889282e-03 -3.0051084649e-02 +8.9075502818e-03 
389000 -7.2417811275e-02 -7.3422036415e-03 -3.6728019707e-02 +2.4210235766e-03 
390000 -1.1112124200e-02 -5.4694804970e-03 -1.3979028900e-02 -6.0071054271e-03 
391000 +7.4294512094e-02 +8.2877832050e-03 +1.9975981299e-02 -9.6262362400e-03 
392000 -2.0241862775e-03 +4.0045885737e-03 +3.7905130950e-02 -5.5199664398e-03 
393000 -7.3999379943e-02 -8.9892231067e-03 +2.5479517928e-02 +2.9952626359e-03 
394000 +1.4664705149e-02 -2.4665669539e-03 -7.3674962272e-03 +9.1236158080e-03 
395000 +7.1373466467e-02 +9.4106758350e-03 -3.4312346597e-02 +7.9339050993e-03 
396000 -2.7299269347e-02 +8.0597050959e-04 -3.3740605114e-02 +3.8384920597e-04 
397000 -6.6723580620e-02 -9.5611319556e-03 -6.1583209142e-03 -7.4630686108e-03 
398000 +3.8683654411e-02 +8.3247445985e-04 +2.6376095361e-02 -9.3469691007e-03 
399000 +5.9869360265e-02 +9.4024559945e-03 +3.7765989745e-02 -3.7244912639e-03 
400000 -4.9287832140e-02 -2.4890189761e-03 +1.8878409634e-02 +4.8729283991e-03 
401000 -5.1459010860e-02 -8.9882639363e-03 -1.5112207147e-02 +9.5667265843e-03 
402000 +5.8062985094e-02 +4.0323937795e-03 -3.7018972164e-02 +6.6049710860e-03 
403000 +4.1177184069e-02 +8.2652824859e-03 -2.9242045072e-02 -1.6654938315e-03 
404000 -6.5363472351e-02 -5.4863124642e-03 +1.9702123759e-03 -8.5855536762e-03 
405000 -3.0025074767e-02 -7.3369542964e-03 +3.1590068487e-02 -8.6383791149e-03 
406000 +7.0472673194e-02 +6.7485941582e-03 +3.5920768526e-02 -1.7671798163e-03 
407000 +1.7547669034e-02 +6.1361706537e-03 +1.1444113400e-02 +6.5261844385e-03 
408000 -7.3611333533e-02 -7.8269972612e-03 -2.2197382067e-02 +9.5786796274e-03 
409000 -4.9800948743e-03 -4.8033152198e-03 -3.8051325973e-02 +4.9705696163e-03 
410000 +7.4412063590e-02 +8.6532722263e-03 -2.3429932423e-02 -3.6308436697e-03 
411000 -8.1837342512e-03 +3.2709548821e-03 +9.9842233621e-03 -9.3172311640e-03 
412000 -7.3048812896e-02 -9.2302042194e-03 +3.5392486171e-02 -7.5377030453e-03 
413000 +2.0675515934e-02 -1.6912699602e-03 +3.2446719589e-02 +2.7496921603e-04 
414000 +6.9395381881e-02 +9.5161126520e-03 +3.5085278556e-03 +7.8756497212e-03 
415000 -3.2932567289e-02 +1.3782984854e-05 -2.8249630452e-02 +9.1555596730e-03 
416000 -6.3741744203e-02 -9.5274374212e-03 -3.7373247711e-02 +3.1082681523e-03 
417000 +4.3854509800e-02 +1.6239511573e-03 -1.6552634879e-02 -5.4346246406e-03 
418000 +5.6020332377e-02 +9.2334355502e-03 +1.7524816241e-02 -9.6206315734e-03 
419000 -5.3732499043e-02 -3.2446752094e-03 +3.7562642462e-02 -6.0938520575e-03 
420000 -4.6800757084e-02 -8.6831660974e-03 +2.7511098169e-02 +2.3073620742e-03 
421000 +6.1759136782e-02 +4.7423698875e-03 -4.5910020617e-03 +8.8706635682e-03 
422000 +3.5902091222e-02 +7.8408056401e-03 -3.2999588879e-02 +8.3134985085e-03 
423000 -6.8092429730e-02 -6.1146021990e-03 -3.4972015977e-02 +1.1026367992e-03 
424000 -2.4251907754e-02 -6.7986145208e-03 -8.9310967693e-03 -6.9933449609e-03 
425000 +7.2228651763e-02 +7.2887811722e-03 +2.4278575894e-02 -9.4918744021e-03 
426000 +1.1473898097e-02 +5.5074267420e-03 +3.8009077213e-02 -4.3705412442e-03 
427000 -7.4296534612e-02 -8.2533360712e-03 +2.1299160318e-02 +4.2373802843e-03 
428000 +1.2060332440e-03 -4.0989541568e-03 -1.2477506884e-02 +9.4634536307e-03 
429000 +7.4005892892e-02 +8.9579859700e-03 -3.6265831865e-02 +7.1009152560e-03 
430000 -1.4318074095e-02 +2.5143150665e-03 -3.0965667888e-02 -9.5689409031e-04 
431000 -7.1606665243e-02 -9.4051364939e-03 -8.7737913350e-04 -8.2352198588e-03 
432000 +2.6525331352e-02 -9.0655254268e-04 +2.9927435155e-02 -8.9328399197e-03 
433000 +6.6885426807e-02 +9.5504929720e-03 +3.6750942854e-02 -2.4571516267e-03 
434000 -3.8377897489e-02 -7.7977412501e-04 +1.4102968661e-02 +5.9801671564e-03 
435000 -6.0344689525e-02 -9.4309095265e-03 -1.9821113794e-02 +9.6242531954e-03 
436000 +4.8671143928e-02 +2.3963889064e-03 -3.7885390338e-02 +5.5683479231e-03 
437000 +5.1730016935e-02 +8.9956705613e-03 -2.5580471616e-02 -2.9651489164e-03 
438000 -5.7830022190e-02 -3.9805745424e-03 +7.2334591062e-03 -9.1084226523e-03 
439000 -4.1851901032e-02 -8.3254276072e-03 +3.4235756471e-02 -7.9632115323e-03 
440000 +6.4979967762e-02 +5.4125591482e-03 +3.3827509376e-02 -4.3684870341e-04 
441000 +3.0362259802e-02 +7.3603653434e-03 +6.2974207900e-03 +7.4457718211e-03 
442000 -7.0354819777e-02 -6.7047657962e-03 -2.6280972213e-02 +9.3515784273e-03 
443000 -1.8334305618e-02 -6.2196235312e-03 -3.7796756613e-02 +3.7768844950e-03 
444000 +7.3478806949e-02 +7.7775822888e-03 -1.9040781384e-02 -4.8329987810e-03 
445000 +5.3476808559e-03 +4.8414282972e-03 +1.4983386693e-02 -9.5647680943e-03 
446000 -7.4458412262e-02 -8.6259280037e-03 +3.7002860923e-02 -6.6328392296e-03 
447000 +7.3922564103e-03 -3.3661416164e-03 +2.9374260056e-02 +1.6087270562e-03 
448000 +7.3130728865e-02 +9.2055124305e-03 -1.7846595256e-03 +8.5683395787e-03 
449000 -2.0309594192e-02 +1.7420027997e-03 -3.1514992375e-02 +8.6521044079e-03 
450000 -6.9650065571e-02 -9.5141033820e-03 -3.6000877570e-02 +1.8127429795e-03 
451000 +3.2235621068e-02 -1.0874795799e-04 -1.1637810149e-02 -6.4857501139e-03 
452000 +6.3971835322e-02 +9.5247583236e-03 +2.2043381877e-02 -9.5840040608e-03 
453000 -4.3528184170e-02 -1.5657289895e-03 +3.8057293169e-02 -4.9986178998e-03 
454000 -5.6503593222e-02 -9.2632691925e-03 +2.3591994461e-02 +3.5826451173e-03 
455000 +5.3203387543e-02 +3.1602840766e-03 -9.7888902381e-03 +9.3061649858e-03 
456000 +4.7112268001e-02 +8.6986853810e-03 -3.5310275450e-02 +7.5588595616e-03 
457000 -6.1523891359e-02 -4.6858535169e-03 -3.2537268401e-02 -2.3744032865e-04 
458000 -3.6590110649e-02 -7.9032589160e-03 -3.7084991371e-03 -7.8440157382e-03 
459000 +6.7771032408e-02 +6.0482304030e-03 +2.8110845032e-02 -9.1739703090e-03 
460000 +2.4595649622e-02 +6.8285611090e-03 +3.7378477572e-02 -3.1368424946e-03 
461000 -7.2145762826e-02 -7.2456841335e-03 +1.6704965774e-02 +5.3976559434e-03 
462000 -1.2289282111e-02 -5.5956757125e-03 -1.7347369096e-02 +9.6198824461e-03 
463000 +7.4189050281e-02 +8.2087905225e-03 -3.7517102672e-02 +6.1306654191e-03 
464000 -8.6021677877e-04 +4.1399582138e-03 -2.7592846972e-02 -2.2787364721e-03 
465000 -7.4129170811e-02 -8.9390678079e-03 +4.4217259675e-03 -8.8480319262e-03 
466000 +1.3494179687e-02 -2.6152662748e-03 +3.2900460037e-02 -8.3455608428e-03 
467000 +7.1689590933e-02 +9.3827711197e-03 +3.5024446451e-02 -1.1424279089e-03 
468000 -2.6198605438e-02 +9.5542662356e-04 +9.0564695404e-03 +6.9711825994e-03 
469000 -6.7239342857e-02 -9.5622281976e-03 -2.4147145734e-02 +9.4955308750e-03 
470000 +3.7672262017e-02 +6.8134934035e-04 -3.8019097770e-02 +4.4236585944e-03 
471000 +6.0573555255e-02 +9.4289323279e-03 -2.1423856827e-02 -4.2072107873e-03 
472000 -4.8388748760e-02 -2.3435245818e-03 +1.2354305383e-02 -9.4544580265e-03 
473000 -5.2296331407e-02 -9.0387725713e-03 +3.6219260550e-02 -7.1339899459e-03 
474000 +5.7337160758e-02 +3.8973815822e-03 +3.1079754972e-02 +9.0229845026e-04 
475000 +4.2174461097e-02 +8.3416265482e-03 +1.0291712182e-03 +8.2209691459e-03 
476000 -6.4780830126e-02 -5.3616719843e-03 -2.9853083704e-02 +8.9429713774e-03 
477000 -3.1081977589e-02 -7.4302862686e-03 -3.6810920445e-02 +2.5102265047e-03 
478000 +7.0110987900e-02 +6.6441861839e-03 -1.4283036601e-02 -5.9420453967e-03 
479000 +1.8702965932e-02 +6.2521588402e-03 +1.9691929634e-02 -9.6268166645e-03 
480000 -7.3417098847e-02 -7.7376375591e-03 +3.7894024973e-02 -5.5992334173e-03 
481000 -6.1348272197e-03 -4.9297875247e-03 +2.5733523881e-02 +2.9112075443e-03 
482000 +7.4442034951e-02 +8.5898915362e-03 -7.0436374849e-03 +9.0956606348e-03 
483000 -7.0162168700e-03 +3.4126623616e-03 -3.4169528328e-02 +7.9807909136e-03 
484000 -7.3265482662e-02 -9.1874409414e-03 -3.3928750571e-02 +4.8197059435e-04 
485000 +1.9550720150e-02 -1.8380895986e-03 -6.4980415650e-03 -7.4112434364e-03 
486000 +6.9804271989e-02 +9.5007494808e-03 +2.6135886784e-02 -9.3623397942e-03 
487000 -3.1888105256e-02 +1.6462007002e-04 +3.7814402726e-02 -3.8062964426e-03 
488000 -6.4344370567e-02 -9.5380224741e-03 +1.9213614436e-02 +4.7885641417e-03 
489000 +4.2887373866e-02 +1.4733513263e-03 -1.4796951941e-02 +9.5615028446e-03 
490000 +5.6764841683e-02 +9.2690036565e-03 -3.6938382214e-02 +6.6583542352e-03 
491000 -5.2926869220e-02 -3.1029000396e-03 -2.9471940823e-02 -1.5731247145e-03 
492000 -4.7719566668e-02 -8.7469582522e-03 +1.5880739897e-03 -8.5427324214e-03 
493000 +6.1070901045e-02 +4.6073462425e-03 +3.1398627648e-02 -8.6784941011e-03 
494000 +3.6907735742e-02 +7.9243812036e-03 +3.6025578482e-02 -1.8428712469e-03 
495000 -6.7616848728e-02 -5.9993727574e-03 +1.1786941127e-02 +6.4535137799e-03 
496000 -2.5375139202e-02 -6.9072047849e-03 -2.1883180539e-02 +9.5899448159e-03 
497000 +7.1917415967e-02 +7.1879278240e-03 -3.8041816826e-02 +5.0417414911e-03 
498000 +1.2630376863e-02 +5.6293251817e-03 -2.3687526599e-02 -3.5559703511e-03 
499000 -7.4208191869e-02 -8.1783093330e-03 +9.6353401745e-03 -9.2895578557e-03 
500000 +2.1405823752e-05 -4.2370814322e-03 +3.5237959557e-02 -7.5965639025e-03 
501000 +7.4121877106e-02 +8.9047199634e-03 +3.2619659736e-02 +1.9443830539e-04 
502000 -1.3151410335e-02 +2.6594232790e-03 +3.8367274288e-03 +7.8266747172e-03 
503000 -7.1917151999e-02 -9.3780578095e-03 -2.8005524315e-02 +9.1830031061e-03 
504000 +2.5430445359e-02 -1.0559535820e-03 -3.7417833126e-02 +3.1931194779e-03 
505000 +6.7413244857e-02 +9.5504999257e-03 -1.6852257318e-02 -5.3678575186e-03 
506000 -3.7350722513e-02 -6.2911809303e-04 +1.7233487648e-02 -9.6168502089e-03 
507000 -6.1015884721e-02 -9.4537121715e-03 +3.7501227260e-02 -6.1667584055e-03 
508000 +4.7797226724e-02 +2.2531593532e-03 +2.7731016367e-02 +2.2242892791e-03 
509000 +5.2591810300e-02 +9.0472727728e-03 -4.2592085364e-03 +8.8370031269e-03 
510000 -5.7072999934e-02 -3.8420474059e-03 -3.2844444099e-02 +8.3606626479e-03 
511000 -4.2803902572e-02 -8.3955649748e-03 -3.5112058136e-02 +1.1951499656e-03 
512000 +6.4419997019e-02 +5.2904953628e-03 -9.2491118530e-03 -6.9364782425e-03 
513000 +3.1440054800e-02 +7.4564048939e-03 +2.4019409058e-02 -9.5024140002e-03 
514000 -6.9959238346e-02 -6.5947297742e-03 +3.8048628449e-02 -4.4567941263e-03 
515000 -1.9459172372e-02 -6.3306372448e-03 +2.1594284905e-02 +4.1571227576e-03 
516000 +7.3285800053e-02 +7.6895094181e-03 -1.2166300951e-02 +9.4473849530e-03 
517000 +6.5093821164e-03 +4.9706337196e-03 -3.6162696529e-02 +7.1548491705e-03 
518000 -7.4468986426e-02 -8.5583430682e-03 -3.1196910465e-02 -8.5838265607e-04 
519000 +6.2203250366e-03 -3.5068077468e-03 -1.2322749570e-03 -8.1930803896e-03 
520000 +7.3324546672e-02 +9.1621120959e-03 +2.9722823506e-02 -8.9599257669e-03 
521000 -1.9194483739e-02 +1.8894478872e-03 +3.6839637466e-02 -2.5401903617e-03 
522000 -7.0064799642e-02 -9.4984459149e-03 +1.4460672037e-02 +5.9018661502e-03 
523000 +3.1154367646e-02 -2.6241475812e-04 -1.9518634015e-02 +9.6315990987e-03 
524000 +6.4540359064e-02 +9.5328471657e-03 -3.7852125811e-02 +5.6294225355e-03 
525000 -4.2582868054e-02 -1.4177306356e-03 -2.5836425719e-02 -2.8783591053e-03 
526000 -5.7273409607e-02 -9.3018964696e-03 +6.8561218122e-03 -9.0760602890e-03 
527000 +5.2351758792e-02 +3.0140039779e-03 +3.4078518318e-02 -8.0148807238e-03 
528000 +4.8002832974e-02 +8.7586524100e-03 +3.3976315530e-02 -5.1369069394e-04 
529000 -6.0857931950e-02 -4.5553490481e-03 +6.6413955598e-03 +7.3843395646e-03 
530000 -3.7619867066e-02 -7.9902262410e-03 -2.5997173821e-02 +9.3743154783e-03 
531000 +6.7266706253e-02 +5.9292350582e-03 -3.7829907419e-02 +3.8550472674e-03 
532000 +2.5707683115e-02 +6.9332300096e-03 -1.9325052724e-02 -4.7638542725e-03 
533000 -7.1841360724e-02 -7.1479603263e-03 +1.4661420538e-02 -9.5511063787e-03 
534000 -1.3448174168e-02 -5.7184038353e-03 +3.6894748811e-02 -6.7004509401e-03 
535000 +7.4100770332e-02 +8.1320222492e-03 +2.9583077037e-02 +1.5277629650e-03 
536000 +3.3279853602e-04 +4.2759847821e-03 -1.4554816625e-03 +8.5300653546e-03 
537000 -7.4225403616e-02 -8.8846646984e-03 -3.1320470508e-02 +8.6926110828e-03 
538000 +1.2350320257e-02 -2.7580944725e-03 -3.6093346024e-02 +1.9006620406e-03 
539000 +7.2020798005e-02 +9.3560867813e-03 -1.1953961163e-02 -6.4248361110e-03 
540000 -2.5079885045e-02 +1.1060951468e-03 +2.1776850843e-02 -9.5924363311e-03 
541000 -6.7725008178e-02 -9.5568476677e-03 +3.8055819892e-02 -5.0801716993e-03 
542000 +3.6676000863e-02 +5.3425643583e-04 +2.3846286223e-02 +3.5034175772e-03 
543000 +6.1267934868e-02 +9.4537048336e-03 -9.4657104513e-03 +9.2821808961e-03 
544000 -4.7484884196e-02 -2.1960096553e-03 -3.5197480003e-02 +7.6159013064e-03 
545000 -5.3114798176e-02 -9.0838474252e-03 -3.2732136753e-02 -1.4291505818e-04 
546000 +5.6594786289e-02 +3.7612849655e-03 -4.0366819875e-03 -7.7969334921e-03 
547000 +4.3137212890e-02 +8.4142247677e-03 +2.7882572606e-02 -9.1942117150e-03 
548000 -6.4198057153e-02 -5.2349033586e-03 +3.7464049898e-02 -3.2276070086e-03 
549000 -3.2141060599e-02 -7.5225103771e-03 +1.7035874348e-02 +5.3223420014e-03 
550000 +6.9701035655e-02 +6.5341545937e-03 -1.7053200643e-02 +9.6165968211e-03 
551000 +1.9821139180e-02 +6.3644964099e-03 -3.7456576316e-02 +6.1905127828e-03 
552000 -7.3220364777e-02 -7.6475747268e-03 -2.7858640692e-02 -2.1824086706e-03 
553000 -7.3139619494e-03 -5.0596453240e-03 +4.0582173091e-03 -8.8160801551e-03 
554000 +7.4416583249e-02 +8.5200345834e-03 +3.2734420546e-02 -8.3844529388e-03 
555000 -5.8646184119e-03 +3.5520051427e-03 +3.5152652677e-02 -1.2250458011e-03 
556000 -7.3476281039e-02 -9.1458764645e-03 +9.4255862400e-03 +6.9010498227e-03 
557000 +1.8394185859e-02 -1.9893927305e-03 -2.3863062220e-02 +9.5150236133e-03 
558000 +7.0181320478e-02 +9.4814400296e-03 -3.8033434661e-02 +4.4918895290e-03 
559000 -3.0831316914e-02 +3.1428861346e-04 -2.1701977358e-02 -4.1276556797e-03 
560000 -6.4937162063e-02 -9.5498180215e-03 +1.1993267739e-02 -9.4337403764e-03 
561000 +4.1903634876e-02 +1.3211111052e-03 +3.6099038456e-02 -7.1958806404e-03 
562000 +5.7513122839e-02 +9.3037092503e-03 +3.1269924680e-02 +8.2505929973e-04 
563000 -5.2090838650e-02 -2.9610851258e-03 +1.3688708121e-03 +8.1719142380e-03 
564000 -4.8620430833e-02 -8.8090725823e-03 -2.9609354737e-02 +8.9772532527e-03 
565000 +6.0391278726e-02 +4.4744096296e-03 -3.6885750630e-02 +2.5934378891e-03 
566000 +3.7938375501e-02 +8.0084958050e-03 -1.4589382431e-02 -5.8790959097e-03 
567000 -6.7106871318e-02 -5.8820114706e-03 +1.9401719358e-02 -9.6274394050e-03 
568000 -2.6470765525e-02 -7.0104036282e-03 +3.7838470796e-02 -5.6746761996e-03 
569000 +7.1626108080e-02 +7.0901116045e-03 +2.5973630140e-02 +2.8318746408e-03 
570000 +1.3807979266e-02 +5.7516641525e-03 -6.7182699619e-03 +9.0678268472e-03 
571000 -7.4089233796e-02 -8.0985069332e-03 -3.4026879144e-02 +8.0337020459e-03 
572000 -1.1363008731e-03 -4.3688901076e-03 -3.4071085823e-02 +5.7143544203e-04 
573000 +7.4242116447e-02 +8.8518726348e-03 -6.8238105509e-03 -7.3578479673e-03 
574000 -1.1981034813e-02 +2.8048388796e-03 +2.5897076181e-02 -9.3817726405e-03 
575000 -7.2204120839e-02 -9.3450521908e-03 +3.7871419863e-02 -3.8951510817e-03 
576000 +2.4341707714e-02 -1.2024917236e-03 +1.9500685621e-02 +4.7147741128e-03 
577000 +6.7914349698e-02 +9.5472330183e-03 -1.4489659495e-02 +9.5480687079e-03 
578000 -3.6331666624e-02 -4.7780751430e-04 -3.6867344061e-02 +6.7231780159e-03 
579000 -6.1675758767e-02 -9.4726496994e-03 -2.9716421306e-02 -1.4781450473e-03 
580000 +4.6895513340e-02 +2.1072124438e-03 +1.2533141090e-03 -8.5065954670e-03 
581000 +5.3407110482e-02 +9.0938227614e-03 +3.1206882724e-02 -8.7083755830e-03 
582000 -5.6322038526e-02 -3.7029173404e-03 +3.6152367822e-02 -1.9355251016e-03 
583000 -4.3762120717e-02 -8.4661295846e-03 +1.2145820445e-02 +6.3843558317e-03 
584000 +6.3807832881e-02 +5.1621540918e-03 -2.1609585434e-02 +9.5998567190e-03 
585000 +3.2479707819e-02 +7.5482282437e-03 -3.8026490115e-02 +5.1066555309e-03 
586000 -6.9559652377e-02 -6.4850935547e-03 -2.3979363702e-02 -3.4644378479e-03 
587000 -2.0604279580e-02 -6.4452034886e-03 +9.2716397160e-03 -9.2682027838e-03 
588000 +7.3045069244e-02 +7.5958142890e-03 +3.5112120646e-02 -7.6468953000e-03 
589000 +7.6625676527e-03 +5.0975542292e-03 +3.2786578852e-02 +1.1347493128e-04 
590000 -7.4466166789e-02 -8.4919291314e-03 +4.2066350498e-03 +7.7667569109e-03 
591000 +5.0299476062e-03 -3.6503037372e-03 -2.7746663975e-02 +9.2140319058e-03 
592000 +7.3500718145e-02 +9.1164326236e-03 -3.7478435789e-02 +3.2676069754e-03 
593000 -1.8058704183e-02 +2.0361955799e-03 -1.7149181730e-02 -5.2966358500e-03 
594000 -7.0459025442e-02 -9.4826290457e-03 +1.6899283623e-02 -9.6088598515e-03 
595000 +3.0073209059e-02 -4.1518455827e-04 +3.7421518826e-02 -6.2373292463e-03 
596000 +6.5122603875e-02 +9.5413774370e-03 +2.7958327587e-02 +2.1476361045e-03 
597000 -4.1603941828e-02 -1.2690432312e-03 -3.9279696112e-03 +8.8008103775e-03 
598000 -5.8015545805e-02 -9.3368904939e-03 -3.2649076853e-02 +8.4064872864e-03 
599000 +5.1518958879e-02 +2.8716139634e-03 -3.5227990788e-02 +1.2812994318e-03 
600000 +4.8916357821e-02 +8.8193961744e-03 -9.5716096803e-03 -6.8802838985e-03 
601000 -6.0160841213e-02 -4.4222240532e-03 +2.3763860574e-02 -9.5169138137e-03 
602000 -3.8618047317e-02 -8.0706108156e-03 +3.8050230953e-02 -4.5391743205e-03 
603000 +6.6779260441e-02 +5.8133492656e-03 +2.1861482171e-02 +4.0815841941e-03 
604000 +2.6827829247e-02 +7.0375786569e-03 -1.1850454796e-02 +9.4297284641e-03 
605000 -7.1513846429e-02 -7.0456610723e-03 -3.6071759666e-02 +7.2188845237e-03 
606000 -1.4584583859e-02 -5.8352418857e-03 -3.1389697858e-02 -7.6871697257e-04 
607000 +7.4002697238e-02 +8.0543403214e-03 -1.5613261102e-03 -8.1489098848e-03 
608000 +1.5135434160e-03 +4.4110076082e-03 +2.9515213169e-02 -8.9891121557e-03 
609000 -7.4306553191e-02 -8.8255291579e-03 +3.6951033627e-02 -2.6345105612e-03 
610000 +1.1202716933e-02 -2.8996560985e-03 +1.4777978150e-02 +5.8347676229e-03 
611000 +7.2310267100e-02 +9.3245715865e-03 -1.9233676660e-02 +9.6296192787e-03 
612000 -2.3979926004e-02 +1.2559616766e-03 -3.7822624069e-02 +5.6999371453e-03 
613000 -6.8205238808e-02 -9.5493228638e-03 -2.6122777937e-02 -2.7847969373e-03 
614000 +3.5644708279e-02 +3.8312711405e-04 +6.5186808330e-03 -9.0515625106e-03 
615000 +6.1909720334e-02 +9.4726212072e-03 +3.3927949121e-02 -8.0544271569e-03 
616000 -4.6588971230e-02 -2.0491342665e-03 +3.4139969897e-02 -6.0570440942e-04 
617000 -5.3939138978e-02 -9.1304096351e-03 +7.0183275663e-03 +7.3226912324e-03 
618000 +5.5803115265e-02 +3.6190813912e-03 -2.5747311938e-02 +9.3973091626e-03 
619000 +4.4066860868e-02 +8.4827168102e-03 -3.7861447810e-02 +3.9243848564e-03 
620000 -6.3606039415e-02 -5.1090844471e-03 -1.9635223219e-02 -4.6795334843e-03 
621000 -3.3211483837e-02 -7.6176618931e-03 +1.4307479095e-02 -9.5407671655e-03 
622000 +6.9256457541e-02 +6.4201336667e-03 +3.6809811460e-02 -6.7613389450e-03 
623000 +2.0940779079e-02 +6.4751443833e-03 +2.9787326215e-02 +1.4493325376e-03 
624000 -7.3001539622e-02 -7.5581265200e-03 -1.0940886785e-03 +8.4821390307e-03 
625000 -8.4961678382e-03 -5.1901431691e-03 -3.1094631504e-02 +8.7345119180e-03 
626000 +7.4388269819e-02 +8.4498453994e-03 -3.6197647584e-02 +1.9800713678e-03 
627000 -4.6860569643e-03 +3.6912745277e-03 -1.2266323843e-02 -6.3625451048e-03 
628000 -7.3658035240e-02 -9.1026573103e-03 +2.1478158528e-02 -9.5979724347e-03 
629000 +1.7252154819e-02 -2.1373842672e-03 +3.8020705632e-02 -5.1578363261e-03 
630000 +7.0577794243e-02 +9.4635943206e-03 +2.4105263428e-02 +3.4286528109e-03 
631000 -2.9742761787e-02 +4.6503197720e-04 -9.1464168328e-03 +9.2587335873e-03 
632000 -6.5497296419e-02 -9.5565005878e-03 -3.5056521261e-02 +7.6730486194e-03 
633000 +4.0943467398e-02 +1.1738725214e-03 -3.2889050850e-02 -5.5921700379e-05 
634000 +5.8276517783e-02 +9.3388679702e-03 -4.3683562692e-03 -7.7482643645e-03 
635000 -5.1232116495e-02 -2.8167500731e-03 +2.7663230764e-02 -9.2215550440e-03 
636000 -4.9491009720e-02 -8.8642837772e-03 +3.7525055695e-02 -3.3159502413e-03 
637000 +5.9720556815e-02 +4.3439037380e-03 +1.7326556104e-02 +5.2526656801e-03 
638000 +3.8960758999e-02 +8.0910526603e-03 -1.6753347424e-02 +9.6089989853e-03 
639000 -6.6584180766e-02 -5.7609368762e-03 -3.7415375442e-02 +6.2638242893e-03 
640000 -2.7551228002e-02 -7.1088673318e-03 -2.8100345689e-02 -2.0937873933e-03 
641000 +7.1310287999e-02 +6.9897624539e-03 +3.7313165336e-03 -8.7826904961e-03 
642000 +1.4958350405e-02 +5.8715278552e-03 +3.2562024921e-02 -8.4222900046e-03 
643000 -7.3963204303e-02 -8.0155411435e-03 +3.5312355666e-02 -1.3225529637e-03 
644000 -2.3060673114e-03 -4.5011148382e-03 +9.7689936340e-03 +6.8416157877e-03 
645000 +7.4310052960e-02 +8.7929772889e-03 -2.3605644223e-02 +9.5252532397e-03 
646000 -1.0835778805e-02 +2.9482034431e-03 -3.8045758058e-02 +4.5662107078e-03 
647000 -7.2488232225e-02 -9.3114463523e-03 -2.2020680054e-02 -4.0376713948e-03 
648000 +2.3216289275e-02 -1.3537717911e-03 +1.1657926066e-02 -9.4211546294e-03 
649000 +6.8363606332e-02 +9.5380201773e-03 +3.5992838908e-02 -7.2450391664e-03 
650000 -3.5317803880e-02 -3.2789322111e-04 +3.1466843264e-02 +7.3590660320e-04 
651000 -6.2336709723e-02 -9.4934802797e-03 +1.7525823092e-03 +8.1192756864e-03 
652000 +4.5953765412e-02 +1.9562098465e-03 -2.9386560924e-02 +9.0127219799e-03 
653000 +5.4199250426e-02 +9.1370443409e-03 -3.6964407148e-02 +2.6666095263e-03 
654000 -5.5554230745e-02 -3.5647352465e-03 -1.4911410140e-02 -5.8039924917e-03 
655000 -4.4719740648e-02 -8.5383083734e-03 +1.9068318490e-02 -9.6285898850e-03 
656000 +6.3177227782e-02 +5.0320173590e-03 +3.7794756747e-02 -5.7447542635e-03 
657000 +3.3530975422e-02 +7.6392727541e-03 +2.6212728200e-02 +2.7566415087e-03 
658000 -6.9130365276e-02 -6.3752054201e-03 -6.3728502151e-03 +9.0331958220e-03 
659000 -2.1737645952e-02 -6.5580226614e-03 -3.3842237088e-02 +8.0858442150e-03 
660000 +7.2814141019e-02 +7.5036712971e-03 -3.4215842645e-02 +6.5401592970e-04 
661000 +8.8448598236e-03 +5.2249055479e-03 -7.1476960075e-03 -7.3047227480e-03 
662000 -7.4429831019e-02 -8.4225622255e-03 +2.5640146157e-02 -9.4011708394e-03 
663000 +3.8641155998e-03 -3.7885573455e-03 +3.7885116778e-02 -3.9784036170e-03 
664000 +7.3696432158e-02 +9.0727049612e-03 +1.9785148484e-02 +4.6435217220e-03 
665000 -1.6898607023e-02 +2.1839408181e-03 -1.4185701700e-02 +9.5367917842e-03 
666000 -7.0820927040e-02 -9.4609259300e-03 -3.6784031389e-02 +6.7910557884e-03 
667000 +2.9014694735e-02 -5.6268494031e-04 -2.9914373738e-02 -1.3922297727e-03 
668000 +6.5707188915e-02 +9.5494499356e-03 +9.1997937003e-04 -8.4664634831e-03 
669000 -4.0614710725e-02 -1.1185403280e-03 +3.1024626989e-02 -8.7470506020e-03 
670000 -5.8732775570e-02 -9.3655117361e-03 +3.6272149211e-02 -2.0286455338e-03 
671000 +5.0684015382e-02 +2.7303668262e-03 +1.2456859335e-02 +6.3223398393e-03 
672000 +4.9804408005e-02 +8.8770632659e-03 -2.1332520208e-02 +9.6024101258e-03 
673000 -5.9462073569e-02 -4.2867142637e-03 -3.8032034563e-02 +5.1869747130e-03 
674000 -3.9608962395e-02 -8.1478683452e-03 -2.4265860738e-02 -3.3781215539e-03 
675000 +6.6254669044e-02 +5.6933491013e-03 +8.9513893776e-03 -9.2468176220e-03 
676000 +2.7909367048e-02 +7.1381192275e-03 +3.4979163730e-02 -7.6925256510e-03 
677000 -7.1184791184e-02 -6.9418237532e-03 +3.2987458120e-02 +1.5366305161e-05 
678000 -1.5737720205e-02 -5.9539146895e-03 +4.5699858693e-03 +7.7157879968e-03 
679000 +7.3848062387e-02 +7.9700226085e-03 -2.7520609553e-02 +9.2368963299e-03 
680000 +2.6682464303e-03 +4.5431871633e-03 -3.7533191639e-02 +3.3441871564e-03 
681000 -7.4383352239e-02 -8.7668981163e-03 -1.7489905867e-02 -5.2125659235e-03 
682000 +1.0022842251e-02 -3.0458633819e-03 +1.6572136518e-02 -9.6081473976e-03 
683000 +7.2555234087e-02 +9.2878186805e-03 +3.7361217313e-02 -6.2957929675e-03 
684000 -2.2878513310e-02 +1.4042394232e-03 +2.8185604345e-02 +2.0631090090e-03 
685000 -6.8678294324e-02 -9.5434082756e-03 -3.5491136562e-03 +8.7587520035e-03 
686000 +3.4587415626e-02 +2.2876969595e-04 -3.2457321432e-02 +8.4534460328e-03 
687000 +6.2541093510e-02 +9.4895062970e-03 -3.5352327345e-02 +1.3575951657e-03 
688000 -4.5668322885e-02 -1.9027872447e-03 -9.9003085005e-03 -6.8158393736e-03 
689000 -5.4750228242e-02 -9.1768235357e-03 +2.3461659221e-02 -9.5300505629e-03 
690000 +5.5009502809e-02 +3.4775103469e-03 +3.8048198220e-02 -4.6167049577e-03 
691000 +4.5015915993e-02 +8.5513812754e-03 +2.2131526777e-02 +4.0101759618e-03 
692000 -6.2979964226e-02 -4.9821194692e-03 -1.1526490151e-02 +9.4090759251e-03 
693000 -3.4258338528e-02 -7.7088570056e-03 -3.5936011457e-02 +7.2806858274e-03 
694000 +6.8830023189e-02 +6.3091509450e-03 -3.1571565882e-02 -6.8502651019e-04 
695000 +2.2086181804e-02 +6.5863637260e-03 -1.8918705772e-03 -8.1050102678e-03 
696000 -7.2749882087e-02 -7.4648992869e-03 +2.9303710963e-02 -9.0221091680e-03 
697000 -9.6492511522e-03 -5.3142238144e-03 +3.7017178881e-02 -2.7219844667e-03 
698000 +7.4373833471e-02 +8.3814196729e-03 +1.5081662757e-02 +5.7688853355e-03 
699000 -3.4956356179e-03 +3.8309162045e-03 -1.8948854852e-02 +9.6296792115e-03 
700000 -7.3812544449e-02 -9.0535781350e-03 -3.7797239370e-02 +5.7774593372e-03 
701000 +1.6127133815e-02 -2.2806764490e-03 -2.6361447031e-02 -2.7016156556e-03 
702000 +7.0960841123e-02 +9.4439087233e-03 +6.1911094679e-03 -9.0211608309e-03 
703000 -2.8658143666e-02 +6.1640477896e-04 +3.3783629764e-02 -8.1026550585e-03 
704000 -6.6040044339e-02 -9.5580225930e-03 +3.4314909353e-02 -7.0209172872e-04 
705000 +3.9969534070e-02 +1.0261487285e-03 +7.3466742483e-03 +7.2697463348e-03 
706000 +5.8999177580e-02 +9.3694344232e-03 -2.5499550546e-02 +9.4102899766e-03 
707000 -5.0381023545e-02 -2.6715444645e-03 -3.7910512734e-02 +4.0092377661e-03 
708000 -5.0360530834e-02 -8.9180894187e-03 -1.9959705777e-02 -4.5969113459e-03 
709000 +5.9004561040e-02 +4.2080812586e-03 +1.3997716379e-02 -9.5321472142e-03 
710000 +3.9938688217e-02 +8.1688951459e-03 +3.6720191044e-02 -6.8141561957e-03 
711000 -6.6061617953e-02 -5.6397065124e-03 +3.0022105033e-02 +1.3533086355e-03 
712000 -2.8648209853e-02 -7.2100308334e-03 -7.1906880514e-04 +8.4403862523e-03 
713000 +7.0940698900e-02 +6.8830095230e-03 -3.0902554878e-02 +8.7699693538e-03 
714000 +1.6087217281e-02 +5.9883589652e-03 -3.6295314969e-02 +2.0577330603e-03 
715000 -7.3827567644e-02 -7.9335995606e-03 -1.2618940607e-02 -6.2867185855e-03 
716000 -3.4983530834e-03 -4.6370496502e-03 +2.1166751250e-02 -9.6089212118e-03 
717000 +7.4346007825e-02 +8.7302841422e-03 +3.8006262391e-02 -5.2249016049e-03 
718000 -9.6802538378e-03 +3.0902914319e-03 +2.4360329843e-02 +3.3500076362e-03 
719000 -7.2755310106e-02 -9.2785929183e-03 -8.7833637188e-03 +9.2287475688e-03 
720000 +2.2081272776e-02 -1.5059253012e-03 -3.4900627341e-02 +7.7302886149e-03 
721000 +6.8815373842e-02 +9.5283322918e-03 -3.3055982036e-02 +2.2516272698e-05 
722000 -3.4273349886e-02 -1.7790087109e-04 -4.6995418914e-03 -7.6952961303e-03 
723000 -6.2973492089e-02 -9.5122754321e-03 +2.7401735703e-02 -9.2470922205e-03 
724000 +4.5024198494e-02 +1.8081267283e-03 +3.7565623973e-02 -3.3989909419e-03 
725000 +5.5014139877e-02 +9.1811419575e-03 +1.7622188711e-02 +5.1858395436e-03 
726000 -5.4752845526e-02 -3.4247675503e-03 -1.6454597536e-02 +9.6023282459e-03 
727000 -4.5646665577e-02 -8.6048390127e-03 -3.7334786063e-02 +6.3346915778e-03 
728000 +6.2567514837e-02 +4.9057446316e-03 -2.8316318850e-02 -2.0111907582e-03 
729000 +3.4598923533e-02 +7.7305090282e-03 +3.4000571685e-03 -8.7480880435e-03 
730000 -6.8674101448e-02 -6.2613561269e-03 +3.2397289648e-02 -8.4679692863e-03 
731000 -2.2842718793e-02 -6.6641391323e-03 +3.5433169219e-02 -1.4130034632e-03 
732000 +7.2586638448e-02 +7.4124286539e-03 +1.0086086581e-02 +6.7830366551e-03 
733000 +1.0023218546e-02 +5.3515077005e-03 -2.3344430307e-02 +9.5357681314e-03 
734000 -7.4374542254e-02 -8.3481023127e-03 -3.8075917056e-02 +4.6517459389e-03 
735000 +2.7068397317e-03 -3.9233579573e-03 -2.2298659513e-02 -3.9585983821e-03 
736000 +7.3862580869e-02 +9.0255232519e-03 +1.1342854297e-02 -9.4017189916e-03 
737000 -1.5756006071e-02 +2.3308817945e-03 +3.5887695812e-02 -7.3010039075e-03 
738000 -7.1172835868e-02 -9.4356774845e-03 +3.1690658612e-02 +6.3814350389e-04 
739000 +2.7932803363e-02 -7.1229647594e-04 +2.0946819363e-03 +8.0763871614e-03 
740000 +6.6240296377e-02 +9.5517337757e-03 -2.9173724282e-02 +9.0364773300e-03 
741000 -3.9638720594e-02 -9.6856275484e-04 -3.7054117898e-02 +2.7535568540e-03 
742000 -5.9451719922e-02 -9.3942251436e-03 -1.5264731157e-02 -5.7266537710e-03 
743000 +4.9801779811e-02 +2.5832685101e-03 +1.8772704354e-02 -9.6329808583e-03 
744000 +5.0648623157e-02 +8.9297495750e-03 +3.7751444124e-02 -5.8043171635e-03 
745000 -5.8760848131e-02 -4.1519690389e-03 +2.6474718615e-02 +2.6652519462e-03 
746000 -4.0611187235e-02 -8.2279649376e-03 -5.9962370234e-03 +9.0014566157e-03 
747000 +6.5685655093e-02 +5.5680447223e-03 -3.3685962265e-02 +8.1333239987e-03 
748000 +2.8978276803e-02 +7.2360517396e-03 -3.4356207412e-02 +7.3188803438e-04 
749000 -7.0838415135e-02 -6.8389414379e-03 -7.5031243583e-03 -7.2392409813e-03 
750000 -1.6900028590e-02 -6.0746448459e-03 +2.5353233047e-02 -9.4235213474e-03 
751000 +7.3676816626e-02 +7.8838700116e-03 +3.7915297952e-02 -4.0528975920e-03 
752000 +3.8418839974e-03 +4.6747263249e-03 +2.0065242584e-02 +4.5715559875e-03 
753000 -7.4433942264e-02 -8.7078199597e-03 -1.3847804941e-02 +9.5201008738e-03 
754000 +8.8494039291e-03 -3.1904113447e-03 -3.6669552253e-02 +6.8572999194e-03 
755000 +7.2813182309e-02 +9.2520865777e-03 -3.0119496126e-02 -1.3129918860e-03 
756000 -2.1744736485e-02 +1.5531163500e-03 +5.9000729277e-04 -8.4252086374e-03 
757000 -6.9120062950e-02 -9.5337913468e-03 +3.0811287333e-02 -8.7851654164e-03 
758000 +3.3551956605e-02 +7.9125319714e-05 +3.6356723507e-02 -2.1152276277e-03 
759000 +6.3192889584e-02 +9.5074870231e-03 +1.2771536334e-02 +6.2610944852e-03 
760000 -4.4720041537e-02 -1.7544878970e-03 -2.1061559230e-02 +9.6090888313e-03 
761000 -5.5528885124e-02 -9.2166559511e-03 -3.8010583270e-02 +5.2661875668e-03 
762000 +5.4233837532e-02 +3.3398339658e-03 -2.4513446296e-02 -3.2987732606e-03 
763000 +4.5967764895e-02 +8.6193081109e-03 +8.6262609749e-03 -9.2217369152e-03 
764000 -6.2336867399e-02 -4.8516891679e-03 +3.4860793750e-02 -7.7493627362e-03 
765000 -3.5281982660e-02 -7.7939256990e-03 +3.3162972594e-02 -7.6855035109e-05 
766000 +6.8393771750e-02 +6.1976802187e-03 +4.8954341832e-03 +7.6663275784e-03 
767000 +2.3210966388e-02 +6.6953965829e-03 -2.7288097414e-02 +9.2571083397e-03 
768000 -7.2488622674e-02 -7.3678933434e-03 -3.7614493283e-02 +3.4355997148e-03 
769000 -1.0802663991e-02 -5.4364907187e-03 -1.7804025253e-02 -5.1387518181e-03 
770000 +7.4316127968e-02 +8.3080102754e-03 +1.6275201934e-02 -9.6007729094e-03 
771000 -2.3331226781e-03 +3.9683657613e-03 +3.7296986488e-02 -6.3578406865e-03 
772000 -7.3962251789e-02 -9.0026425865e-03 +2.8450052761e-02 +1.9662155688e-03 
773000 +1.4973295826e-02 -2.4273560788e-03 -3.1979263748e-03 +8.7265224106e-03 
774000 +7.1287996608e-02 +9.4178376943e-03 -3.2283662346e-02 +8.4882265801e-03 
775000 -2.7587552317e-02 +7.6623643013e-04 -3.5480430722e-02 +1.4444489603e-03 
776000 -6.6583004699e-02 -9.5606430475e-03 -1.0271705356e-02 -6.7455732032e-03 
777000 +3.8952875959e-02 +8.7288179953e-04 +2.3184238130e-02 -9.5472173563e-03 
778000 +5.9684813133e-02 +9.3954844008e-03 +3.8052734794e-02 -4.6825864063e-03 
779000 -4.9521324320e-02 -2.5274662164e-03 +2.2415050515e-02 +3.9256127980e-03 
780000 -5.1232133100e-02 -8.9741257059e-03 -1.1159465522e-02 +9.3882298246e-03 
781000 +5.8258402348e-02 +4.0688113209e-03 -3.5817115963e-02 +7.3391156218e-03 
782000 +4.0915160358e-02 +8.2450411302e-03 -3.1753202141e-02 -6.0764739718e-04 
783000 -6.5513583084e-02 -5.5189054212e-03 -2.2426110487e-03 -8.0515351241e-03 
784000 -2.9739830690e-02 -7.3111405457e-03 +2.9050645741e-02 -9.0556310679e-03 
785000 +7.0569954403e-02 +6.7765937973e-03 +3.7090100736e-02 -2.8022816551e-03 
786000 +1.7241114355e-02 +6.1052514916e-03 +1.5383289746e-02 +5.7040710778e-03 
787000 -7.3659456659e-02 -7.8499704272e-03 -1.8643278194e-02 +9.6270452151e-03 
788000 -4.6710587172e-03 -4.7689975838e-03 -3.7729982124e-02 +5.8514788147e-03 
789000 +7.4400862933e-02 +8.6697342799e-03 -2.6599580297e-02 -2.6232820934e-03 
790000 -8.4959832335e-03 +3.2331660915e-03 +5.8661506259e-03 -8.9914107809e-03 
791000 -7.2989026634e-02 -9.2408868300e-03 +3.3623231694e-02 -8.1531226548e-03 
792000 +2.0972169880e-02 -1.6523278398e-03 +3.4445066595e-02 -7.9037048042e-04 
793000 +6.9279498730e-02 +9.5193456575e-03 +7.6731812290e-03 +7.2153500871e-03 
794000 -3.3212172467e-02 -2.6367189216e-05 -2.5258424493e-02 +9.4291892029e-03 
795000 -6.3581049464e-02 -9.5244128609e-03 -3.7949320384e-02 +4.0958096428e-03 
796000 +4.4105006988e-02 +1.6631941875e-03 -2.0236779876e-02 -4.5227439406e-03 
797000 +5.5815104230e-02 +9.2231320612e-03 +1.3686016185e-02 -9.5170273598e-03 
798000 -5.3946550367e-02 -3.2824000118e-03 +3.6646798903e-02 -6.8801597075e-03 
799000 -4.6557762532e-02 -8.6665029064e-03 +3.0249645926e-02 +1.2606017106e-03 
800000 +6.1934546943e-02 +4.7773409645e-03 -3.8954986310e-04 +8.4015594250e-03 
801000 +3.5631421137e-02 +7.8180778523e-03 -3.0704112795e-02 +8.7993414589e-03 
802000 -6.8216351013e-02 -6.1453054267e-03 -3.6422198676e-02 +2.1525172984e-03 
803000 -2.3955071774e-02 -6.7701266998e-03 -1.2963793365e-02 -6.2191976856e-03 
804000 +7.2307041535e-02 +7.3150878576e-03 +2.0892364695e-02 -9.6143785570e-03 
805000 +1.1168282223e-02 +5.4748645827e-03 +3.7984959678e-02 -5.2916685878e-03 
806000 -7.4316016737e-02 -8.2732370354e-03 +2.4656147257e-02 +3.2564681700e-03 
807000 +1.5207679418e-03 -4.0621900373e-03 -8.4293143199e-03 +9.2075012960e-03 
808000 +7.3975457886e-02 +8.9721430070e-03 -3.4768817338e-02 +7.7760694149e-03 
809000 -1.4623347809e-02 +2.4758094189e-03 -3.3220770349e-02 +1.0748992602e-04 
810000 -7.1519421098e-02 -9.4118953593e-03 -5.0776148128e-03 -7.6340077293e-03 
811000 +2.6818597659e-02 -8.6627741531e-04 +2.7147397914e-02 -9.2764253203e-03 
812000 +6.6747950283e-02 +9.5506416223e-03 +3.7617849036e-02 -3.4706034110e-03 
813000 -3.8646047299e-02 -8.1956112402e-04 +1.7922627709e-02 +5.1097773399e-03 
814000 -6.0161370693e-02 -9.4239432224e-03 -1.6108489611e-02 +9.5932947291e-03 
815000 +4.8906096413e-02 +2.4350841923e-03 -3.7255105561e-02 +6.4026048401e-03 
816000 +5.1502298702e-02 +8.9819005702e-03 -2.8536265552e-02 -1.9350147604e-03 
817000 -5.8027848224e-02 -4.0169050580e-03 +3.0597794078e-03 -8.7076840794e-03 
818000 -4.1594902860e-02 -8.3057831851e-03 +3.2187143703e-02 -8.5124658472e-03 
819000 +6.5128360033e-02 +5.4450991720e-03 +3.5546858919e-02 -1.4971283185e-03 
820000 +3.0073747792e-02 +7.3345378304e-03 +1.0404631845e-02 +6.7257010106e-03 
821000 -7.0457884410e-02 -6.7333931486e-03 -2.3075957453e-02 +9.5473452990e-03 
822000 -1.8034324609e-02 -6.1896112247e-03 -3.8061188459e-02 +4.7324102399e-03 
823000 +7.3524690103e-02 +7.8003688908e-03 -2.2564455704e-02 -3.8831470501e-03 
824000 +5.0350131303e-03 +4.8067408358e-03 +1.1027285166e-02 -9.3830112889e-03 
825000 -7.4454316155e-02 -8.6434456100e-03 +3.5782169044e-02 -7.3630657580e-03 
826000 +7.7004574378e-03 -3.3290485726e-03 +3.1867550312e-02 +5.4980037060e-04 
827000 +7.3070801384e-02 +9.2160564372e-03 +2.4257638731e-03 +8.0303140707e-03 
828000 -2.0608548958e-02 +1.7025784972e-03 -2.8964548609e-02 +9.0661754117e-03 
829000 -6.9539319302e-02 -9.5182398556e-03 -3.7151279513e-02 +2.8461159119e-03 
830000 +3.2516669052e-02 -6.8714717618e-05 -1.5569103034e-02 -5.6592614825e-03 
831000 +6.3813855950e-02 +9.5217798529e-03 +1.8481569510e-02 -9.6284433531e-03 
832000 -4.3778710586e-02 -1.6051986696e-03 +3.7721393213e-02 -5.8772393143e-03 
833000 -5.6299093747e-02 -9.2532750477e-03 +2.6748768669e-02 +2.5735386133e-03 
834000 +5.3423963677e-02 +3.1984685126e-03 -5.6664556316e-03 +8.9743447015e-03 
835000 +4.6873683915e-02 +8.6823495815e-03 -3.3526680160e-02 +8.1715420209e-03 
836000 -6.1697234016e-02 -4.7205845016e-03 -3.4522826631e-02 +8.2737474835e-04 
837000 -3.6316085609e-02 -7.8802547346e-03 -7.8709449444e-03 -7.1790504393e-03 
838000 +6.7903085179e-02 +6.0796883813e-03 +2.5104756704e-02 -9.4421158403e-03 
839000 +2.4302991351e-02 +6.8006865176e-03 +3.7938753746e-02 -4.1233430319e-03 
840000 -7.2221611959e-02 -7.2714635488e-03 +2.0383127103e-02 +4.4839051119e-03 
841000 -1.1979229560e-02 -5.5626401671e-03 -1.3498825640e-02 +9.5100157423e-03 
842000 +7.4214264936e-02 +8.2294180374e-03 -3.6580776793e-02 +6.9136349099e-03 
843000 -1.1726665020e-03 +4.1039049725e-03 -3.0319438497e-02 -1.2312283108e-03 
844000 -7.4098326139e-02 -8.9529018239e-03 +2.1625024314e-04 -8.3747618371e-03 
845000 +1.3801593895e-02 -2.5765030388e-03 +3.0585979683e-02 -8.8258279017e-03 
846000 +7.1603722936e-02 +9.3900147163e-03 +3.6454805224e-02 -2.1916714503e-03 
847000 -2.6492501127e-02 +9.1559056404e-04 +1.3085047566e-02 +6.1946229740e-03 
848000 -6.7105504301e-02 -9.5626778157e-03 -2.0746796092e-02 +9.6127109881e-03 
849000 +3.7939149967e-02 +7.2104534363e-04 -3.7972518640e-02 +5.3418832519e-03 
850000 +6.0388046701e-02 +9.4221131616e-03 -2.4767173200e-02 -3.2246804385e-03 
851000 -4.8627439696e-02 -2.3823790927e-03 +8.3007288762e-03 -9.1948020547e-03 
852000 -5.2075667615e-02 -9.0259098317e-03 +3.4701368448e-02 -7.8046004140e-03 
853000 +5.7532205625e-02 +3.9334356518e-03 +3.3315784848e-02 -1.6264656374e-04 
854000 +4.1914037756e-02 +8.3217955648e-03 +5.2250442336e-03 +7.6168338176e-03 
855000 -6.4935044852e-02 -5.3949620903e-03 -2.7059351412e-02 +9.2823785024e-03 
856000 -3.0800500897e-02 -7.4055034348e-03 -3.7656218017e-02 +3.5218505901e-03 
857000 +7.0212877181e-02 +6.6726063026e-03 -1.8092485783e-02 -5.0682756757e-03 
858000 +1.8400536477e-02 +6.2217680984e-03 +1.5974211361e-02 -9.5925941540e-03 
859000 -7.3468577268e-02 -7.7613570199e-03 +3.7245643720e-02 -6.4301448182e-03 
860000 -5.8250114710e-03 -4.8957142633e-03 +2.8673654747e-02 +1.8792165759e-03 
861000 +7.4440184374e-02 +8.6074339468e-03 -2.8689766600e-03 +8.6903107072e-03 
862000 -7.3246851449e-03 +3.3752887877e-03 -3.2109004532e-02 +8.5272328913e-03 
863000 -7.3208358922e-02 -9.1985717276e-03 -3.5631290219e-02 +1.5411778712e-03 
864000 +1.9852897891e-02 -1.7985836802e-03 -1.0600498970e-02 -6.6861737062e-03 
865000 +6.9698517299e-02 +9.5051860834e-03 +2.2920025757e-02 -9.5539496368e-03 
866000 -3.2167189663e-02 +1.2469371602e-04 +3.8064685654e-02 -4.7601605586e-03 
867000 -6.4185402539e-02 -9.5350440077e-03 +2.2727549956e-02 +3.8366363508e-03 
868000 +4.3145364225e-02 +1.5134395936e-03 -1.0833260001e-02 +9.3734253489e-03 
869000 +5.6565770008e-02 +9.2595572107e-03 -3.5701193318e-02 +7.3859997011e-03 
870000 -5.3144367639e-02 -3.1405591010e-03 -3.1954128791e-02 -5.1405162911e-04 
871000 -4.7477806451e-02 -8.7302535105e-03 -2.6235678011e-03 -7.9998052633e-03 
872000 +6.1251742567e-02 +4.6428477737e-03 +2.8830818154e-02 -9.0871367210e-03 
873000 +3.6637335585e-02 +7.9020653762e-03 +3.7159382793e-02 -2.8756242790e-03 
874000 -6.7746873231e-02 -6.0302356747e-03 +1.5714734428e-02 +5.6246667522e-03 
875000 -2.5080301214e-02 -6.8790486022e-03 -1.8308768907e-02 +9.6282700497e-03 
876000 +7.1997219447e-02 +7.2142997990e-03 -3.7684310175e-02 +5.9174253166e-03 
877000 +1.2321011376e-02 +5.5968843362e-03 -2.6832787545e-02 -2.5456471395e-03 
878000 -7.4234774583e-02 -8.1987952482e-03 +5.5063816859e-03 -8.9534266635e-03 
879000 +3.3282816823e-04 -4.2011330867e-03 +3.3433819432e-02 -8.2041969623e-03 
880000 +7.4090661814e-02 +8.9188239615e-03 +3.4585827249e-02 -8.7034504728e-04 
881000 -1.3461090076e-02 +2.6208560140e-03 +7.9961897065e-03 +7.1590102240e-03 
882000 -7.1836913166e-02 -9.3858955785e-03 -2.4983602169e-02 +9.4460675801e-03 
883000 +2.5720790603e-02 -1.0165382083e-03 -3.7955835154e-02 +4.1775242537e-03 
884000 +6.7276580469e-02 +9.5509036572e-03 -2.0518459181e-02 -4.4518931305e-03 
885000 -3.7622000016e-02 -6.6917934909e-04 +1.3378528994e-02 -9.5033273003e-03 
886000 -6.0838382144e-02 -9.4479992461e-03 +3.6543729600e-02 -6.9457412269e-03 
887000 +4.8032941158e-02 +2.2915975812e-03 +3.0440410198e-02 +1.1753015676e-03 
888000 +5.2368556787e-02 +9.0341520835e-03 -5.5776602498e-05 +8.3604426436e-03 
889000 -5.7272966000e-02 -3.8788512317e-03 -3.0516098357e-02 +8.8371500483e-03 
890000 -4.2549853434e-02 -8.3767627792e-03 -3.6522100415e-02 +2.2432787691e-03 
891000 +6.4574805860e-02 +5.3236608460e-03 -1.3270556941e-02 -6.1557118502e-03 
892000 +3.1158013639e-02 +7.4313531870e-03 +2.0611879913e-02 -9.6163306223e-03 
893000 -7.0064533214e-02 -6.6238293487e-03 +3.7985095872e-02 -5.3723043600e-03 
894000 -1.9157915415e-02 -6.3006752303e-03 +2.4924535289e-02 +3.1720587336e-03 
895000 +7.3341991989e-02 +7.7134796144e-03 -8.1082560302e-03 +9.1825674812e-03 
896000 +6.2013583217e-03 +4.9365455994e-03 -3.4631771749e-02 +7.8230192991e-03 
897000 -7.4467585303e-02 -8.5760983027e-03 -3.3418578301e-02 +2.0615092090e-04 
898000 +6.5333345190e-03 -3.4691574188e-03 -5.4266316782e-03 -7.5834832080e-03 
899000 +7.3274100330e-02 +9.1737830360e-03 +2.6915211335e-02 -9.2950099141e-03 
900000 -1.9493367408e-02 +1.8503468479e-03 +3.7670999507e-02 -3.5507599345e-03 
901000 -6.9956987258e-02 -9.5026212978e-03 +1.8263666716e-02 +5.0255413006e-03 
902000 +3.1440728243e-02 -2.2181262309e-04 -1.5790303651e-02 +9.5909311281e-03 
903000 +6.4386926592e-02 +9.5305498656e-03 -3.7185340323e-02 +6.4579564358e-03 
904000 -4.2837755577e-02 -1.4571298271e-03 -2.8766889291e-02 -1.8456029322e-03 
905000 -5.7072233431e-02 -9.2921026068e-03 +2.6769017604e-03 -8.6656663986e-03 
906000 +5.2575010455e-02 +3.0523117019e-03 +3.1998623829e-02 -8.5561475759e-03 
907000 +4.7763426510e-02 +8.7425934644e-03 +3.5661746724e-02 -1.5727087258e-03 
908000 -6.1037994345e-02 -4.5903228931e-03 +1.0742453736e-02 +6.6565048431e-03 
909000 -3.7350076644e-02 -7.9679197315e-03 -2.2766168066e-02 +9.5600668129e-03 
910000 +6.7398440355e-02 +5.9604576880e-03 -3.8058108094e-02 +4.8065421474e-03 
911000 +2.5411787372e-02 +6.9054665936e-03 -2.2828142803e-02 -3.8102764294e-03 
912000 -7.1924322503e-02 -7.1744319679e-03 +1.0689245058e-02 -9.3586658318e-03 
913000 -1.3142801443e-02 -5.6864495391e-03 +3.5635934746e-02 -7.4236608937e-03 
914000 +7.4125619078e-02 +8.1525508992e-03 +3.2046998290e-02 +4.6799849016e-04 
915000 +1.7966990456e-05 +4.2399869844e-03 +2.7543961333e-03 +7.9842247742e-03 
916000 -7.4201012471e-02 -8.8995954441e-03 -2.8735790674e-02 +9.0964913795e-03 
917000 +1.2654972663e-02 -2.7202088613e-03 -3.7205552683e-02 +2.9321665057e-03 
918000 +7.1938026923e-02 +9.3637603128e-03 -1.5872121619e-02 -5.5931156551e-03 
919000 -2.5374404084e-02 +1.0661960859e-03 +1.8195067187e-02 -9.6272415515e-03 
920000 -6.7596104851e-02 -9.5584078147e-03 +3.7677528653e-02 -5.9524552306e-03 
921000 +3.6944981950e-02 +5.7387075641e-04 +2.6976611002e-02 +2.4907157001e-03 
922000 +6.1089572363e-02 +9.4477810334e-03 -5.3360091633e-03 +8.9423683543e-03 
923000 -4.7723846666e-02 -2.2350699091e-03 -3.3379493995e-02 +8.2202313263e-03 
924000 -5.2896353071e-02 -9.0715920261e-03 -3.4679857659e-02 +9.2142906664e-04 
925000 +5.6797466871e-02 +3.7981293235e-03 -8.1922696862e-03 -7.1243086610e-03 
926000 +4.2884830915e-02 +8.3953579628e-03 +2.4851075680e-02 -9.4540074714e-03 
927000 -6.4353842023e-02 -5.2684075427e-03 +3.7986455988e-02 -4.2099715042e-03 
928000 -3.1858446411e-02 -7.4976419213e-03 +2.0691962283e-02 +4.4032754357e-03 
929000 +6.9813100252e-02 +6.5637400275e-03 -1.3190355092e-02 +9.4974679825e-03 
930000 +1.9523352426e-02 +6.3347970971e-03 -3.6484722640e-02 +6.9674145093e-03 
931000 -7.3275093408e-02 -7.6713928704e-03 -3.0556251791e-02 -1.1331770280e-03 
932000 -7.0008871392e-03 -5.0251412632e-03 -1.4699222719e-04 -8.3337599324e-03 
933000 +7.4422615517e-02 +8.5385006645e-03 +3.0389456542e-02 -8.8565600448e-03 
934000 -6.1738969022e-03 +3.5149710741e-03 +3.6548791073e-02 -2.2726882621e-03 
935000 -7.3423563792e-02 -9.1571217708e-03 +1.3443821269e-02 +6.1173015189e-03 
936000 +1.8698982101e-02 -1.9496888682e-03 -2.0442149797e-02 +9.6225631090e-03 
937000 +7.0078243604e-02 +9.4863168013e-03 -3.7950029717e-02 +5.4053089773e-03 
938000 -3.1115459339e-02 +2.7439862305e-04 -2.5023739414e-02 -3.1412802631e-03 
939000 -6.4783406049e-02 -9.5473098559e-03 +7.9275717824e-03 -9.1638177748e-03 
940000 +4.2161699792e-02 +1.3609114955e-03 +3.4547233971e-02 -7.8593155776e-03 
941000 +5.7312637732e-02 +9.2944185822e-03 +3.3474442533e-02 -2.3975435389e-04 
942000 -5.2314956632e-02 -2.9990422675e-03 +5.5635323807e-03 +7.5592444473e-03 
943000 -4.8384480549e-02 -8.7933659989e-03 -2.6784481987e-02 +9.3068149963e-03 
944000 +6.0570777020e-02 +4.5094560234e-03 -3.7695182914e-02 +3.6023569925e-03 
945000 +3.7666089683e-02 +7.9863468928e-03 -1.8382590877e-02 -5.0006977918e-03 
946000 -6.7243159883e-02 -5.9135805980e-03 +1.5663494055e-02 -9.5824605931e-03 
947000 -2.6181139105e-02 -6.9834616725e-03 +3.7149499645e-02 -6.4994364554e-03 
948000 +7.1706678990e-02 +7.1164372770e-03 +2.8887580080e-02 +1.7976061498e-03 
949000 +1.3498864960e-02 +5.7194701806e-03 -2.5393494854e-03 +8.6543530651e-03 
950000 -7.4121081364e-02 -8.1199860697e-03 -3.1929726485e-02 +8.5706062260e-03 
951000 -8.2695390563e-04 -4.3337202278e-03 -3.5736078553e-02 +1.6300437169e-03 
952000 +7.4216432610e-02 +8.8666242498e-03 -1.0918082517e-02 -6.6264336514e-03 
953000 -1.2288779458e-02 +2.7664664476e-03 +2.2657651926e-02 -9.5642030535e-03 
954000 -7.2127775735e-02 -9.3537727482e-03 +3.8079869299e-02 -4.8438621096e-03 
955000 +2.4635300765e-02 -1.1629598632e-03 +2.2991419489e-02 +3.7579907288e-03 
956000 +6.7786915320e-02 +9.5487379378e-03 -1.0513602183e-02 +9.3515447890e-03 
957000 -3.6601778297e-02 -5.1780974168e-04 -3.5594717769e-02 +7.4436133853e-03 
958000 -6.1500115714e-02 -9.4673135441e-03 -3.2164284837e-02 -4.1818170283e-04 
959000 +4.7139211424e-02 +2.1465196160e-03 -2.9560123283e-03 -7.9551660400e-03 
960000 +5.3192479145e-02 +9.0817577649e-03 +2.8610041836e-02 -9.1089813600e-03 
961000 -5.6523500192e-02 -3.7397316445e-03 +3.7250361675e-02 -2.9656827317e-03 
962000 -4.3507774527e-02 -8.4471960852e-03 +1.6057102714e-02 +5.5490693181e-03 
963000 +6.3971598017e-02 +5.1963302632e-03 -1.8016710860e-02 +9.6287639750e-03 
964000 +3.2201536905e-02 +7.5238580190e-03 -3.7632426822e-02 +5.9772023493e-03 
965000 -6.9669131104e-02 -6.5142337011e-03 -2.7100421236e-02 -2.4508597282e-03 
966000 -2.0301927581e-02 -6.4150469106e-03 +5.1368762731e-03 -8.9224865130e-03 
967000 +7.3106895661e-02 +7.6204028617e-03 +3.3275227968e-02 -8.2469357581e-03 
968000 +7.3527317222e-03 +5.0637586708e-03 +3.4720337746e-02 -9.5090465018e-04 
969000 -7.4470583104e-02 -8.5099294598e-03 +8.3620297225e-03 +7.0907831450e-03 
970000 +5.3427749970e-03 -3.6128723267e-03 -2.4699303322e-02 +9.4676913262e-03 
971000 +7.3451219428e-02 +9.1282839789e-03 -3.7980088616e-02 +4.2482827823e-03 
972000 -1.8362805213e-02 +1.9970956492e-03 -2.0797779990e-02 -4.3757938564e-03 
973000 -7.0357774904e-02 -9.4875222934e-03 +1.3026105785e-02 -9.4846404998e-03 
974000 +3.0357560867e-02 -3.7522839879e-04 +3.6427769946e-02 -7.0100924710e-03 
975000 +6.4967900398e-02 +9.5391681837e-03 +3.0639350379e-02 +1.0975891942e-03 
976000 -4.1864492036e-02 -1.3087330575e-03 +2.7891994003e-04 +8.3152171798e-03 
977000 -5.7820925861e-02 -9.3282871299e-03 -3.0285283705e-02 +8.8734696777e-03 
978000 +5.1740643732e-02 +2.9093577500e-03 -3.6602925625e-02 +2.3281240982e-03 
979000 +4.8677173329e-02 +8.8036364301e-03 -1.3581630255e-02 -6.0940237486e-03 
980000 -6.0345570955e-02 -4.4578138430e-03 +2.0332119416e-02 -9.6203038710e-03 
981000 -3.8353267258e-02 -8.0495125246e-03 +3.7944661064e-02 -5.4494991813e-03 
982000 +6.6913375588e-02 +5.8446636925e-03 +2.5169007477e-02 +3.0928163371e-03 
983000 +2.6535081946e-02 +7.0103056069e-03 -7.7832321672e-03 +9.1565805727e-03 
984000 -7.1600546257e-02 -7.0729238804e-03 -3.4502873687e-02 +7.8784388610e-03 
985000 -1.4280392195e-02 -5.8038840734e-03 -3.3575420916e-02 +2.9647875212e-04 
986000 +7.4035244824e-02 +8.0757334125e-03 -5.7524223847e-03 -7.5319439301e-03 
987000 +1.2028616351e-03 +4.3754656269e-03 +2.6680662323e-02 -9.3155859570e-03 
988000 -7.4285177376e-02 -8.8410771711e-03 +3.7742292556e-02 -3.6412929586e-03 
989000 +1.1511257403e-02 -2.8614841070e-03 +1.8561678051e-02 +4.9524506301e-03 
990000 +7.2237885431e-02 +9.3334664602e-03 -1.5488247719e-02 +9.5801733854e-03 
991000 -2.4272505900e-02 +1.2163400311e-03 -3.7119750751e-02 +6.5224729009e-03 
992000 -6.8078375167e-02 -9.5510776563e-03 -2.9023464152e-02 -1.7497251829e-03 
993000 +3.5921022709e-02 +4.2357068492e-04 +2.3370111934e-03 -8.6320356222e-03 
994000 +6.1739531854e-02 +9.4677263616e-03 +3.1816034038e-02 -8.5880714308e-03 
995000 -4.6829901596e-02 -2.0880782583e-03 +3.5792005642e-02 -1.6636501096e-03 
996000 -5.3721840072e-02 -9.1180789586e-03 +1.1109128475e-02 +6.5873407052e-03 
997000 +5.6012636066e-02 +3.6566541925e-03 -2.2493911545e-02 +9.5737355847e-03 
998000 +4.3817054206e-02 +8.4644307457e-03 -3.8052784355e-02 +4.8717014937e-03 
999000 -6.3767053215e-02 -5.1426404308e-03 -2.3118980554e-02 -3.7212875677e-03 
1000000 -3.2930213719e-02 -7.5929127516e-03 +1.0323175793e-02 -9.3383282025e-03 
